0 64845
100 64752
200 64718
300 64635
400 64566
500 64560
600 64444
700 64344
800 64289
900 64265
1000 64208
1100 64154
1200 64065
1300 63953
1400 63902
1500 63793
1600 63771
1700 63746
1800 63711
1900 63703
2000 63647
2100 63570
2200 63587
2300 63569
2400 63464
2500 63420
2600 63327
2700 63216
2800 63108
2900 62989
3000 62911
3100 62771
3200 62714
3300 62616
3400 62487
3500 62398
3600 62338
3700 62185
3800 62079
3900 62012
4000 61974
4100 61866
4200 61737
4300 61678
4400 61556
4500 61434
4600 61367
4700 61264
4800 61186
4900 61151
5000 61025
5100 60955
5200 60876
5300 60716
5400 60575
5500 60449
5600 60436
5700 60243
5800 60127
5900 60025
6000 59912
6100 59778
6200 59674
6300 59574
6400 59445
6500 59370
6600 59248
6700 59079
6800 59018
6900 58951
7000 58873
7100 58779
7200 58668
7300 58607
7400 58493
7500 58400
7600 58279
7700 58152
7800 58062
7900 57962
8000 57853
8100 57764
8200 57651
8300 57484
8400 57394
8500 57272
8600 57172
8700 57050
8800 56903
8900 56784
9000 56615
9100 56496
9200 56367
9300 56257
9400 56089
9500 55935
9600 55837
9700 55703
9800 55536
9900 55427
10000 55263
10100 55152
10200 54953
10300 54785
10400 54692
10500 54634
10600 54453
10700 54363
10800 54265
10900 54093
11000 53961
11100 53788
11200 53665
11300 53529
11400 53414
11500 53352
11600 53241
11700 53102
11800 52965
11900 52854
12000 52704
12100 52559
12200 52421
12300 52236
12400 52104
12500 51904
12600 51839
12700 51720
12800 51568
12900 51442
13000 51350
13100 51245
13200 51164
13300 51040
13400 50888
13500 50769
13600 50610
13700 50503
13800 50413
13900 50306
14000 50165
14100 49957
14200 49865
14300 49692
14400 49560
14500 49437
14600 49330
14700 49239
14800 49109
14900 48929
15000 48786
15100 48635
15200 48482
15300 48359
15400 48213
15500 48104
15600 47996
15700 47873
15800 47719
15900 47603
16000 47477
16100 47386
16200 47297
16300 47207
16400 47128
16500 47003
16600 46855
16700 46737
16800 46615
16900 46466
17000 46331
17100 46187
17200 46057
17300 45885
17400 45725
17500 45587
17600 45429
17700 45251
17800 45121
17900 45000
18000 44953
18100 44859
18200 44746
18300 44641
18400 44518
18500 44321
18600 44197
18700 44054
18800 43911
18900 43779
19000 43626
19100 43460
19200 43319
19300 43127
19400 42984
19500 42857
19600 42743
19700 42644
19800 42532
19900 42407
20000 42288
20100 42209
20200 42078
20300 41996
20400 41851
20500 41705
20600 41585
20700 41468
20800 41353
20900 41180
21000 41104
21100 40925
21200 40803
21300 40688
21400 40606
21500 40486
21600 40402
21700 40200
21800 40068
21900 39991
22000 39915
22100 39817
22200 39715
22300 39630
22400 39509
22500 39363
22600 39231
22700 39140
22800 38967
22900 38854
23000 38710
23100 38637
23200 38516
23300 38413
23400 38323
23500 38216
23600 38117
23700 38059
23800 37956
23900 37883
24000 37730
24100 37604
24200 37517
24300 37459
24400 37373
24500 37235
24600 37101
24700 37030
24800 36916
24900 36815
25000 36684
25100 36617
25200 36521
25300 36377
25400 36289
25500 36201
25600 36108
25700 35993
25800 35865
25900 35734
26000 35632
26100 35517
26200 35473
26300 35332
26400 35178
26500 35064
26600 34972
26700 34860
26800 34709
26900 34608
27000 34438
27100 34394
27200 34326
27300 34225
27400 34146
27500 34060
27600 33932
27700 33789
27800 33637
27900 33520
28000 33409
28100 33332
28200 33216
28300 33132
28400 33013
28500 32864
28600 32752
28700 32596
28800 32453
28900 32366
29000 32273
29100 32197
29200 32066
29300 32013
29400 31899
29500 31774
29600 31650
29700 31522
29800 31390
29900 31295
30000 31236
30100 31096
30200 31066
30300 30968
30400 30910
30500 30849
30600 30769
30700 30657
30800 30524
30900 30418
31000 30292
31100 30178
31200 30096
31300 29984
31400 29896
31500 29804
31600 29662
31700 29503
31800 29412
31900 29319
32000 29221
32100 29114
32200 29002
32300 28849
32400 28701
32500 28613
32600 28525
32700 28388
32800 28265
32900 28135
33000 28001
33100 27903
33200 27804
33300 27694
33400 27523
33500 27450
33600 27327
33700 27219
33800 27100
33900 26982
34000 26883
34100 26795
34200 26690
34300 26513
34400 26445
34500 26286
34600 26194
34700 26121
34800 25947
34900 25867
35000 25761
35100 25731
35200 25636
35300 25558
35400 25442
35500 25339
35600 25252
35700 25206
35800 25106
35900 25013
36000 24926
36100 24826
36200 24731
36300 24626
36400 24539
36500 24467
36600 24438
36700 24314
36800 24261
36900 24151
37000 24079
37100 23991
37200 23929
37300 23860
37400 23788
37500 23723
37600 23543
37700 23401
37800 23292
37900 23142
38000 23069
38100 22946
38200 22800
38300 22686
38400 22637
38500 22507
38600 22392
38700 22277
38800 22126
38900 22040
39000 21895
39100 21774
39200 21626
39300 21525
39400 21446
39500 21376
39600 21318
39700 21248
39800 21181
39900 21133
40000 21084
40100 20993
40200 20889
40300 20838
40400 20754
40500 20634
40600 20555
40700 20503
40800 20433
40900 20348
41000 20276
41100 20221
41200 20179
41300 20073
41400 20031
41500 19961
41600 19884
41700 19804
41800 19707
41900 19561
42000 19493
42100 19388
42200 19267
42300 19218
42400 19106
42500 18977
42600 18873
42700 18770
42800 18681
42900 18562
43000 18459
43100 18315
43200 18209
43300 18145
43400 18059
43500 17996
43600 17883
43700 17765
43800 17699
43900 17598
44000 17519
44100 17466
44200 17419
44300 17339
44400 17220
44500 17090
44600 16989
44700 16912
44800 16850
44900 16714
45000 16651
45100 16552
45200 16450
45300 16428
45400 16359
45500 16280
45600 16213
45700 16090
45800 16022
45900 15932
46000 15819
46100 15711
46200 15644
46300 15523
46400 15459
46500 15419
46600 15359
46700 15268
46800 15168
46900 15099
47000 14995
47100 14905
47200 14765
47300 14728
47400 14623
47500 14551
47600 14468
47700 14391
47800 14266
47900 14174
48000 14095
48100 13992
48200 13937
48300 13907
48400 13767
48500 13720
48600 13618
48700 13557
48800 13457
48900 13357
49000 13300
49100 13173
49200 13054
49300 12993
49400 12924
49500 12852
49600 12756
49700 12712
49800 12639
49900 12523
50000 12440
50100 12362
50200 12287
50300 12256
50400 12138
50500 12067
50600 11952
50700 11836
50800 11751
50900 11640
51000 11579
51100 11476
51200 11373
51300 11279
51400 11201
51500 11128
51600 11033
51700 10990
51800 10861
51900 10815
52000 10804
52100 10748
52200 10647
52300 10516
52400 10442
52500 10311
52600 10265
52700 10156
52800 10053
52900 9985
53000 9945
53100 9803
53200 9752
53300 9696
53400 9660
53500 9560
53600 9532
53700 9450
53800 9360
53900 9329
54000 9206
54100 9170
54200 9100
54300 9009
54400 8911
54500 8891
54600 8853
54700 8753
54800 8656
54900 8559
55000 8461
55100 8325
55200 8247
55300 8187
55400 8093
55500 7985
55600 7846
55700 7803
55800 7708
55900 7635
56000 7535
56100 7459
56200 7357
56300 7298
56400 7225
56500 7179
56600 7085
56700 7059
56800 7047
56900 6944
57000 6853
57100 6760
57200 6667
57300 6550
57400 6467
57500 6396
57600 6339
57700 6234
57800 6162
57900 6136
58000 6067
58100 6025
58200 5932
58300 5854
58400 5773
58500 5716
58600 5666
58700 5637
58800 5563
58900 5525
59000 5440
59100 5352
59200 5275
59300 5189
59400 5094
59500 5067
59600 4968
59700 4928
59800 4828
59900 4737
60000 4645
60100 4533
60200 4453
60300 4338
60400 4277
60500 4188
60600 4142
60700 4081
60800 3967
60900 3878
61000 3792
61100 3732
61200 3613
61300 3561
61400 3496
61500 3414
61600 3304
61700 3248
61800 3167
61900 3114
62000 3074
62100 3048
62200 2953
62300 2835
62400 2795
62500 2726
62600 2660
62700 2585
62800 2560
62900 2495
63000 2397
63100 2317
63200 2226
63300 2166
63400 2160
63500 2076
63600 1933
63700 1884
63800 1813
63900 1748
64000 1691
64100 1574
64200 1474
64300 1448
64400 1358
64500 1319
64600 1222
64700 1130
64800 1029
64900 934
65000 885
65100 819
65200 779
65300 685
65400 597
65500 569
65600 560
65700 471
65800 408
65900 304
66000 227
66100 172
66200 112
66300 38
66400 -29
66500 -154
66600 -234
66700 -297
66800 -410
66900 -577
67000 -652
67100 -697
67200 -778
67300 -879
67400 -944
67500 -1012
67600 -1115
67700 -1214
67800 -1310
67900 -1382
68000 -1446
68100 -1535
68200 -1618
68300 -1690
68400 -1740
68500 -1817
68600 -1904
68700 -1891
68800 -1974
68900 -2059
69000 -2094
69100 -2125
69200 -2223
69300 -2323
69400 -2418
69500 -2474
69600 -2534
69700 -2597
69800 -2624
69900 -2648
70000 -2691
70100 -2767
70200 -2763
70300 -2779
70400 -2850
70500 -2932
70600 -2990
70700 -3080
70800 -3155
70900 -3214
71000 -3248
71100 -3368
71200 -3417
71300 -3483
71400 -3539
71500 -3655
71600 -3730
71700 -3852
71800 -3952
71900 -3999
72000 -4054
72100 -4172
72200 -4237
72300 -4315
72400 -4432
72500 -4484
72600 -4533
72700 -4598
72800 -4666
72900 -4714
73000 -4737
73100 -4801
73200 -4865
73300 -4936
73400 -5004
73500 -5089
73600 -5187
73700 -5312
73800 -5317
73900 -5380
74000 -5444
74100 -5521
74200 -5575
74300 -5631
74400 -5724
74500 -5810
74600 -5855
74700 -5901
74800 -5964
74900 -6044
75000 -6077
75100 -6138
75200 -6215
75300 -6270
75400 -6335
75500 -6383
75600 -6488
75700 -6517
75800 -6531
75900 -6622
76000 -6683
76100 -6719
76200 -6742
76300 -6852
76400 -6916
76500 -6971
76600 -7038
76700 -7091
76800 -7155
76900 -7261
77000 -7316
77100 -7361
77200 -7413
77300 -7450
77400 -7532
77500 -7594
77600 -7620
77700 -7619
77800 -7694
77900 -7753
78000 -7773
78100 -7871
78200 -7974
78300 -8106
78400 -8209
78500 -8240
78600 -8312
78700 -8371
78800 -8467
78900 -8485
79000 -8547
79100 -8596
79200 -8608
79300 -8699
79400 -8703
79500 -8763
79600 -8830
79700 -8932
79800 -9019
79900 -9105
80000 -9165
80100 -9197
80200 -9252
80300 -9327
80400 -9423
80500 -9512
80600 -9606
80700 -9689
80800 -9758
80900 -9859
81000 -9891
81100 -9937
81200 -10035
81300 -10126
81400 -10183
81500 -10227
81600 -10279
81700 -10359
81800 -10429
81900 -10478
82000 -10518
82100 -10570
82200 -10577
82300 -10666
82400 -10712
82500 -10754
82600 -10816
82700 -10876
82800 -10913
82900 -10974
83000 -10997
83100 -11069
83200 -11159
83300 -11194
83400 -11285
83500 -11376
83600 -11429
83700 -11524
83800 -11566
83900 -11640
84000 -11660
84100 -11741
84200 -11791
84300 -11873
84400 -11941
84500 -12030
84600 -12083
84700 -12144
84800 -12136
84900 -12197
85000 -12199
85100 -12278
85200 -12328
85300 -12377
85400 -12436
85500 -12541
85600 -12686
85700 -12807
85800 -12892
85900 -12935
86000 -12976
86100 -13013
86200 -13060
86300 -13091
86400 -13167
86500 -13219
86600 -13263
86700 -13322
86800 -13359
86900 -13411
87000 -13491
87100 -13551
87200 -13622
87300 -13684
87400 -13774
87500 -13848
87600 -13885
87700 -13938
87800 -14017
87900 -14095
88000 -14145
88100 -14225
88200 -14291
88300 -14354
88400 -14458
88500 -14494
88600 -14501
88700 -14619
88800 -14710
88900 -14748
89000 -14784
89100 -14851
89200 -14889
89300 -14995
89400 -15094
89500 -15180
89600 -15249
89700 -15319
89800 -15354
89900 -15431
90000 -15521
90100 -15572
90200 -15605
90300 -15672
90400 -15743
90500 -15812
90600 -15894
90700 -15960
90800 -16012
90900 -16039
91000 -16089
91100 -16154
91200 -16210
91300 -16244
91400 -16335
91500 -16371
91600 -16430
91700 -16452
91800 -16472
91900 -16522
92000 -16566
92100 -16588
92200 -16626
92300 -16720
92400 -16773
92500 -16832
92600 -16941
92700 -16968
92800 -17019
92900 -17023
93000 -17118
93100 -17149
93200 -17246
93300 -17348
93400 -17388
93500 -17451
93600 -17515
93700 -17615
93800 -17671
93900 -17752
94000 -17796
94100 -17893
94200 -17956
94300 -18017
94400 -18081
94500 -18162
94600 -18179
94700 -18235
94800 -18292
94900 -18281
95000 -18327
95100 -18314
95200 -18373
95300 -18422
95400 -18515
95500 -18617
95600 -18621
95700 -18644
95800 -18731
95900 -18783
96000 -18841
96100 -18854
96200 -18898
96300 -18951
96400 -19008
96500 -19073
96600 -19112
96700 -19145
96800 -19199
96900 -19298
97000 -19374
97100 -19450
97200 -19503
97300 -19554
97400 -19599
97500 -19690
97600 -19783
97700 -19867
97800 -19946
97900 -19980
98000 -20038
98100 -20064
98200 -20122
98300 -20186
98400 -20255
98500 -20281
98600 -20412
98700 -20458
98800 -20564
98900 -20602
99000 -20695
99100 -20731
99200 -20781
99300 -20818
99400 -20894
99500 -20962
99600 -21003
99700 -21048
99800 -21050
99900 -21116
100000 -21163
100100 -21216
100200 -21221
100300 -21220
100400 -21254
100500 -21353
100600 -21396
100700 -21423
100800 -21414
100900 -21493
101000 -21579
101100 -21652
101200 -21708
101300 -21738
101400 -21809
101500 -21846
101600 -21866
101700 -21909
101800 -21938
101900 -21974
102000 -21999
102100 -22022
102200 -22105
102300 -22162
102400 -22231
102500 -22299
102600 -22412
102700 -22463
102800 -22577
102900 -22592
103000 -22660
103100 -22735
103200 -22781
103300 -22813
103400 -22866
103500 -22927
103600 -22992
103700 -23052
103800 -23171
103900 -23218
104000 -23312
104100 -23366
104200 -23456
104300 -23509
104400 -23599
104500 -23627
104600 -23677
104700 -23741
104800 -23800
104900 -23885
105000 -23951
105100 -23940
105200 -24010
105300 -24009
105400 -24112
105500 -24158
105600 -24205
105700 -24274
105800 -24369
105900 -24473
106000 -24544
106100 -24638
106200 -24732
106300 -24798
106400 -24893
106500 -24935
106600 -24979
106700 -25022
106800 -25053
106900 -25120
107000 -25174
107100 -25207
107200 -25256
107300 -25344
107400 -25404
107500 -25475
107600 -25548
107700 -25610
107800 -25643
107900 -25733
108000 -25806
108100 -25877
108200 -25907
108300 -25934
108400 -25986
108500 -26029
108600 -26047
108700 -26093
108800 -26140
108900 -26209
109000 -26266
109100 -26307
109200 -26358
109300 -26405
109400 -26445
109500 -26488
109600 -26497
109700 -26506
109800 -26547
109900 -26633
110000 -26628
110100 -26683
110200 -26697
110300 -26754
110400 -26853
110500 -26872
110600 -26972
110700 -27001
110800 -27033
110900 -27082
111000 -27133
111100 -27232
111200 -27312
111300 -27397
111400 -27436
111500 -27467
111600 -27490
111700 -27496
111800 -27543
111900 -27544
112000 -27619
112100 -27672
112200 -27662
112300 -27721
112400 -27769
112500 -27843
112600 -27925
112700 -27994
112800 -28072
112900 -28092
113000 -28115
113100 -28128
113200 -28206
113300 -28238
113400 -28254
113500 -28251
113600 -28270
113700 -28313
113800 -28341
113900 -28417
114000 -28461
114100 -28455
114200 -28511
114300 -28474
114400 -28529
114500 -28583
114600 -28625
114700 -28668
114800 -28761
114900 -28873
115000 -28885
115100 -28936
115200 -29021
115300 -29064
115400 -29119
115500 -29136
115600 -29138
115700 -29220
115800 -29221
115900 -29289
116000 -29332
116100 -29402
116200 -29405
116300 -29479
116400 -29538
116500 -29620
116600 -29686
116700 -29755
116800 -29832
116900 -29855
117000 -29883
117100 -29928
117200 -29953
117300 -29997
117400 -30067
117500 -30105
117600 -30150
117700 -30249
117800 -30300
117900 -30316
118000 -30346
118100 -30361
118200 -30374
118300 -30461
118400 -30542
118500 -30608
118600 -30658
118700 -30732
118800 -30797
118900 -30819
119000 -30890
119100 -30900
119200 -31000
119300 -31057
119400 -31120
119500 -31164
119600 -31216
119700 -31254
119800 -31293
119900 -31411
120000 -31451
120100 -31524
120200 -31552
120300 -31604
120400 -31661
120500 -31691
120600 -31735
120700 -31767
120800 -31813
120900 -31928
121000 -31952
121100 -32011
121200 -32055
121300 -32124
121400 -32186
121500 -32255
121600 -32317
121700 -32339
121800 -32375
121900 -32387
122000 -32477
122100 -32552
122200 -32574
122300 -32626
122400 -32668
122500 -32703
122600 -32793
122700 -32825
122800 -32840
122900 -32886
123000 -32919
123100 -32992
123200 -33082
123300 -33097
123400 -33159
123500 -33204
123600 -33226
123700 -33233
123800 -33294
123900 -33377
124000 -33446
124100 -33554
124200 -33586
124300 -33642
124400 -33716
124500 -33787
124600 -33798
124700 -33887
124800 -33968
124900 -34081
125000 -34147
125100 -34163
125200 -34202
125300 -34239
125400 -34269
125500 -34323
125600 -34331
125700 -34419
125800 -34478
125900 -34516
126000 -34543
126100 -34625
126200 -34684
126300 -34754
126400 -34824
126500 -34876
126600 -34930
126700 -34999
126800 -35031
126900 -35106
127000 -35151
127100 -35213
127200 -35267
127300 -35283
127400 -35334
127500 -35359
127600 -35384
127700 -35440
127800 -35492
127900 -35523
128000 -35585
128100 -35658
128200 -35709
128300 -35765
128400 -35799
128500 -35847
128600 -35919
128700 -35978
128800 -36056
128900 -36106
129000 -36138
129100 -36199
129200 -36273
129300 -36331
129400 -36392
129500 -36429
129600 -36464
129700 -36505
129800 -36516
129900 -36521
130000 -36575
130100 -36608
130200 -36630
130300 -36674
130400 -36689
130500 -36727
130600 -36751
130700 -36796
130800 -36853
130900 -36874
131000 -36929
131100 -36969
131200 -36985
131300 -37048
131400 -37070
131500 -37171
131600 -37202
131700 -37232
131800 -37315
131900 -37335
132000 -37352
132100 -37398
132200 -37447
132300 -37506
132400 -37560
132500 -37598
132600 -37612
132700 -37698
132800 -37727
132900 -37767
133000 -37801
133100 -37848
133200 -37918
133300 -37961
133400 -38006
133500 -38061
133600 -38145
133700 -38178
133800 -38238
133900 -38321
134000 -38319
134100 -38365
134200 -38416
134300 -38454
134400 -38500
134500 -38564
134600 -38625
134700 -38665
134800 -38705
134900 -38761
135000 -38810
135100 -38825
135200 -38844
135300 -38864
135400 -38927
135500 -38969
135600 -38992
135700 -39041
135800 -39092
135900 -39124
136000 -39153
136100 -39193
136200 -39268
136300 -39324
136400 -39330
136500 -39415
136600 -39465
136700 -39523
136800 -39568
136900 -39597
137000 -39580
137100 -39609
137200 -39677
137300 -39726
137400 -39740
137500 -39775
137600 -39817
137700 -39886
137800 -39911
137900 -39925
138000 -40000
138100 -40056
138200 -40109
138300 -40134
138400 -40227
138500 -40283
138600 -40313
138700 -40360
138800 -40429
138900 -40463
139000 -40505
139100 -40568
139200 -40609
139300 -40668
139400 -40728
139500 -40783
139600 -40811
139700 -40846
139800 -40853
139900 -40890
140000 -40954
140100 -41055
140200 -41132
140300 -41180
140400 -41233
140500 -41287
140600 -41341
140700 -41377
140800 -41421
140900 -41466
141000 -41519
141100 -41579
141200 -41631
141300 -41675
141400 -41690
141500 -41696
141600 -41745
141700 -41792
141800 -41819
141900 -41869
142000 -41909
142100 -41946
142200 -41971
142300 -42013
142400 -42058
142500 -42125
142600 -42160
142700 -42218
142800 -42256
142900 -42277
143000 -42338
143100 -42366
143200 -42405
143300 -42455
143400 -42483
143500 -42522
143600 -42569
143700 -42598
143800 -42622
143900 -42670
144000 -42725
144100 -42722
144200 -42701
144300 -42769
144400 -42850
144500 -42899
144600 -42917
144700 -42933
144800 -42986
144900 -43015
145000 -43038
145100 -43118
145200 -43157
145300 -43195
145400 -43189
145500 -43222
145600 -43264
145700 -43327
145800 -43396
145900 -43416
146000 -43424
146100 -43442
146200 -43445
146300 -43502
146400 -43538
146500 -43599
146600 -43604
146700 -43657
146800 -43676
146900 -43682
147000 -43733
147100 -43780
147200 -43806
147300 -43850
147400 -43909
147500 -43964
147600 -44014
147700 -44078
147800 -44125
147900 -44154
148000 -44211
148100 -44237
148200 -44245
148300 -44253
148400 -44311
148500 -44364
148600 -44421
148700 -44471
148800 -44500
148900 -44519
149000 -44537
149100 -44560
149200 -44592
149300 -44590
149400 -44657
149500 -44728
149600 -44709
149700 -44761
149800 -44809
149900 -44825
150000 -44859
150100 -44934
150200 -45015
150300 -44998
150400 -45073
150500 -45185
150600 -45261
150700 -45310
150800 -45359
150900 -45447
151000 -45493
151100 -45518
151200 -45520
151300 -45609
151400 -45641
151500 -45691
151600 -45723
151700 -45750
151800 -45791
151900 -45807
152000 -45866
152100 -45929
152200 -45965
152300 -46010
152400 -46022
152500 -46065
152600 -46097
152700 -46163
152800 -46171
152900 -46198
153000 -46251
153100 -46289
153200 -46329
153300 -46393
153400 -46415
153500 -46406
153600 -46453
153700 -46495
153800 -46512
153900 -46561
154000 -46608
154100 -46628
154200 -46687
154300 -46760
154400 -46763
154500 -46793
154600 -46850
154700 -46874
154800 -46907
154900 -46969
155000 -47020
155100 -47033
155200 -47070
155300 -47119
155400 -47171
155500 -47195
155600 -47260
155700 -47302
155800 -47402
155900 -47432
156000 -47490
156100 -47499
156200 -47506
156300 -47527
156400 -47552
156500 -47592
156600 -47630
156700 -47640
156800 -47671
156900 -47697
157000 -47755
157100 -47850
157200 -47879
157300 -47921
157400 -47931
157500 -47993
157600 -48019
157700 -48030
157800 -48037
157900 -48044
158000 -48091
158100 -48134
158200 -48135
158300 -48171
158400 -48213
158500 -48301
158600 -48325
158700 -48397
158800 -48439
158900 -48500
159000 -48525
159100 -48561
159200 -48625
159300 -48650
159400 -48688
159500 -48792
159600 -48794
159700 -48819
159800 -48837
159900 -48871
160000 -48909
160100 -48971
160200 -48997
160300 -49014
160400 -49013
160500 -49054
160600 -49136
160700 -49188
160800 -49221
160900 -49264
161000 -49293
161100 -49337
161200 -49353
161300 -49395
161400 -49435
161500 -49476
161600 -49466
161700 -49493
161800 -49559
161900 -49630
162000 -49661
162100 -49681
162200 -49718
162300 -49781
162400 -49844
162500 -49901
162600 -49948
162700 -49980
162800 -49993
162900 -50037
163000 -50044
163100 -50071
163200 -50100
163300 -50147
163400 -50176
163500 -50218
163600 -50252
163700 -50306
163800 -50365
163900 -50360
164000 -50370
164100 -50390
164200 -50410
164300 -50479
164400 -50507
164500 -50550
164600 -50591
164700 -50635
164800 -50683
164900 -50707
165000 -50739
165100 -50791
165200 -50819
165300 -50868
165400 -50867
165500 -50885
165600 -50931
165700 -50957
165800 -51012
165900 -51008
166000 -51070
166100 -51093
166200 -51139
166300 -51200
166400 -51231
166500 -51294
166600 -51333
166700 -51319
166800 -51360
166900 -51368
167000 -51403
167100 -51429
167200 -51484
167300 -51487
167400 -51541
167500 -51585
167600 -51631
167700 -51674
167800 -51668
167900 -51709
168000 -51745
168100 -51809
168200 -51816
168300 -51824
168400 -51871
168500 -51893
168600 -51947
168700 -51977
168800 -51998
168900 -52057
169000 -52094
169100 -52136
169200 -52209
169300 -52270
169400 -52275
169500 -52309
169600 -52360
169700 -52392
169800 -52414
169900 -52434
170000 -52455
170100 -52492
170200 -52511
170300 -52510
170400 -52549
170500 -52583
170600 -52606
170700 -52649
170800 -52679
170900 -52691
171000 -52738
171100 -52787
171200 -52804
171300 -52846
171400 -52881
171500 -52914
171600 -52916
171700 -52949
171800 -52970
171900 -53009
172000 -53063
172100 -53128
172200 -53136
172300 -53165
172400 -53189
172500 -53232
172600 -53278
172700 -53341
172800 -53361
172900 -53418
173000 -53484
173100 -53510
173200 -53571
173300 -53604
173400 -53687
173500 -53725
173600 -53789
173700 -53835
173800 -53859
173900 -53877
174000 -53869
174100 -53932
174200 -53991
174300 -54042
174400 -54077
174500 -54070
174600 -54077
174700 -54112
174800 -54160
174900 -54164
175000 -54178
175100 -54203
175200 -54283
175300 -54317
175400 -54363
175500 -54385
175600 -54444
175700 -54493
175800 -54546
175900 -54571
176000 -54602
176100 -54689
176200 -54720
176300 -54771
176400 -54857
176500 -54864
176600 -54877
176700 -54900
176800 -54925
176900 -54967
177000 -55007
177100 -55030
177200 -55065
177300 -55078
177400 -55130
177500 -55197
177600 -55192
177700 -55238
177800 -55265
177900 -55302
178000 -55326
178100 -55391
178200 -55430
178300 -55454
178400 -55465
178500 -55512
178600 -55550
178700 -55582
178800 -55609
178900 -55649
179000 -55714
179100 -55770
179200 -55782
179300 -55816
179400 -55830
179500 -55895
179600 -55895
179700 -55905
179800 -55899
179900 -55936
180000 -56001
180100 -56022
180200 -56043
180300 -56088
180400 -56081
180500 -56091
180600 -56126
180700 -56168
180800 -56189
180900 -56257
181000 -56304
181100 -56344
181200 -56371
181300 -56436
181400 -56487
181500 -56544
181600 -56562
181700 -56597
181800 -56629
181900 -56664
182000 -56683
182100 -56714
182200 -56699
182300 -56717
182400 -56761
182500 -56779
182600 -56797
182700 -56834
182800 -56894
182900 -56934
183000 -56965
183100 -57003
183200 -57041
183300 -57039
183400 -57088
183500 -57123
183600 -57157
183700 -57192
183800 -57191
183900 -57247
184000 -57311
184100 -57323
184200 -57374
184300 -57399
184400 -57424
184500 -57445
184600 -57420
184700 -57465
184800 -57501
184900 -57497
185000 -57574
185100 -57580
185200 -57589
185300 -57635
185400 -57693
185500 -57714
185600 -57751
185700 -57798
185800 -57820
185900 -57850
186000 -57848
186100 -57867
186200 -57882
186300 -57911
186400 -57912
186500 -57911
186600 -57940
186700 -57991
186800 -58051
186900 -58092
187000 -58143
187100 -58173
187200 -58188
187300 -58208
187400 -58249
187500 -58287
187600 -58275
187700 -58324
187800 -58373
187900 -58433
188000 -58432
188100 -58461
188200 -58475
188300 -58512
188400 -58565
188500 -58579
188600 -58569
188700 -58613
188800 -58660
188900 -58711
189000 -58740
189100 -58744
189200 -58763
189300 -58765
189400 -58799
189500 -58807
189600 -58869
189700 -58883
189800 -58927
189900 -58933
190000 -58954
190100 -58981
190200 -59007
190300 -59059
190400 -59126
190500 -59142
190600 -59148
190700 -59178
190800 -59227
190900 -59239
191000 -59263
191100 -59299
191200 -59308
191300 -59314
191400 -59314
191500 -59321
191600 -59362
191700 -59381
191800 -59419
191900 -59472
192000 -59536
192100 -59597
192200 -59635
192300 -59711
192400 -59744
192500 -59794
192600 -59758
192700 -59814
192800 -59847
192900 -59905
193000 -59937
193100 -59967
193200 -59992
193300 -60013
193400 -60091
193500 -60146
193600 -60176
193700 -60201
193800 -60256
193900 -60291
194000 -60379
194100 -60407
194200 -60434
194300 -60452
194400 -60445
194500 -60500
194600 -60534
194700 -60568
194800 -60634
194900 -60667
195000 -60724
195100 -60740
195200 -60750
195300 -60751
195400 -60779
195500 -60818
195600 -60835
195700 -60857
195800 -60908
195900 -60945
196000 -60981
196100 -61023
196200 -61047
196300 -61079
196400 -61164
196500 -61188
196600 -61194
196700 -61216
196800 -61257
196900 -61272
197000 -61265
197100 -61266
197200 -61321
197300 -61340
197400 -61419
197500 -61428
197600 -61492
197700 -61501
197800 -61525
197900 -61566
198000 -61586
198100 -61642
198200 -61689
198300 -61703
198400 -61753
198500 -61772
198600 -61817
198700 -61854
198800 -61895
198900 -61894
199000 -61896
199100 -61896
199200 -61982
199300 -62028
199400 -62066
199500 -62114
199600 -62134
199700 -62189
199800 -62259
199900 -62292
200000 -62318
200100 -62349
200200 -62375
200300 -62410
200400 -62448
200500 -62510
200600 -62516
200700 -62570
200800 -62607
200900 -62635
201000 -62645
201100 -62726
201200 -62763
201300 -62805
201400 -62857
201500 -62904
201600 -62918
201700 -62925
201800 -62928
201900 -62986
202000 -63012
202100 -63027
202200 -63035
202300 -63063
202400 -63130
202500 -63152
202600 -63191
202700 -63250
202800 -63243
202900 -63282
203000 -63295
203100 -63305
203200 -63372
203300 -63377
203400 -63407
203500 -63433
203600 -63482
203700 -63520
203800 -63513
203900 -63535
204000 -63574
204100 -63585
204200 -63626
204300 -63682
204400 -63708
204500 -63757
204600 -63790
204700 -63818
204800 -63849
204900 -63909
205000 -63958
205100 -63943
205200 -63952
205300 -63996
205400 -64017
205500 -64060
205600 -64079
205700 -64109
205800 -64143
205900 -64182
206000 -64236
206100 -64261
206200 -64295
206300 -64321
206400 -64311
206500 -64318
206600 -64347
206700 -64360
206800 -64382
206900 -64414
207000 -64432
207100 -64446
207200 -64457
207300 -64516
207400 -64562
207500 -64614
207600 -64658
207700 -64657
207800 -64712
207900 -64740
208000 -64761
208100 -64792
208200 -64803
208300 -64812
208400 -64859
208500 -64916
208600 -64939
208700 -64961
208800 -64983
208900 -64996
209000 -64989
209100 -65042
209200 -65065
209300 -65076
209400 -65080
209500 -65167
209600 -65211
209700 -65266
209800 -65301
209900 -65347
210000 -65337
210100 -65436
210200 -65481
210300 -65478
210400 -65459
210500 -65483
210600 -65520
210700 -65579
210800 -65645
210900 -65666
211000 -65679
211100 -65709
211200 -65733
211300 -65767
211400 -65785
211500 -65823
211600 -65845
211700 -65913
211800 -65924
211900 -65982
212000 -66000
212100 -66017
212200 -66033
212300 -66065
212400 -66119
212500 -66135
212600 -66143
212700 -66157
212800 -66173
212900 -66207
213000 -66247
213100 -66307
213200 -66352
213300 -66390
213400 -66424
213500 -66431
213600 -66452
213700 -66476
213800 -66523
213900 -66558
214000 -66590
214100 -66601
214200 -66632
214300 -66688
214400 -66702
214500 -66743
214600 -66764
214700 -66780
214800 -66811
214900 -66888
215000 -66910
215100 -66929
215200 -66919
215300 -66924
215400 -66927
215500 -66970
215600 -66989
215700 -67022
215800 -67060
215900 -67059
216000 -67141
216100 -67192
216200 -67221
216300 -67216
216400 -67246
216500 -67268
216600 -67284
216700 -67299
216800 -67310
216900 -67371
217000 -67357
217100 -67417
217200 -67450
217300 -67458
217400 -67505
217500 -67550
217600 -67615
217700 -67606
217800 -67636
217900 -67662
218000 -67702
218100 -67736
218200 -67765
218300 -67800
218400 -67837
218500 -67880
218600 -67922
218700 -67966
218800 -67989
218900 -67983
219000 -68023
219100 -68050
219200 -68068
219300 -68089
219400 -68131
219500 -68181
219600 -68205
219700 -68219
219800 -68252
219900 -68242
220000 -68294
220100 -68351
220200 -68385
220300 -68441
220400 -68495
220500 -68502
220600 -68512
220700 -68539
220800 -68578
220900 -68610
221000 -68597
221100 -68654
221200 -68705
221300 -68727
221400 -68783
221500 -68836
221600 -68873
221700 -68901
221800 -68944
221900 -68982
222000 -68988
222100 -69059
222200 -69049
222300 -69065
222400 -69076
222500 -69115
222600 -69130
222700 -69178
222800 -69230
222900 -69236
223000 -69294
223100 -69308
223200 -69346
223300 -69380
223400 -69414
223500 -69443
223600 -69465
223700 -69494
223800 -69565
223900 -69552
224000 -69581
224100 -69654
224200 -69647
224300 -69645
224400 -69671
224500 -69717
224600 -69742
224700 -69798
224800 -69841
224900 -69859
225000 -69850
225100 -69877
225200 -69920
225300 -69978
225400 -70007
225500 -70051
225600 -70088
225700 -70112
225800 -70175
225900 -70184
226000 -70199
226100 -70192
226200 -70179
226300 -70191
226400 -70213
226500 -70207
226600 -70247
226700 -70266
226800 -70320
226900 -70360
227000 -70380
227100 -70397
227200 -70444
227300 -70466
227400 -70499
227500 -70523
227600 -70561
227700 -70592
227800 -70640
227900 -70627
228000 -70630
228100 -70655
228200 -70638
228300 -70697
228400 -70700
228500 -70713
228600 -70738
228700 -70761
228800 -70776
228900 -70849
229000 -70917
229100 -70931
229200 -70949
229300 -70956
229400 -70982
229500 -70989
229600 -71022
229700 -71020
229800 -71069
229900 -71064
230000 -71114
230100 -71132
230200 -71167
230300 -71187
230400 -71213
230500 -71241
230600 -71280
230700 -71320
230800 -71359
230900 -71342
231000 -71358
231100 -71390
231200 -71428
231300 -71427
231400 -71466
231500 -71458
231600 -71474
231700 -71499
231800 -71520
231900 -71528
232000 -71542
232100 -71577
232200 -71609
232300 -71629
232400 -71641
232500 -71649
232600 -71650
232700 -71688
232800 -71714
232900 -71763
233000 -71788
233100 -71824
233200 -71880
233300 -71916
233400 -71936
233500 -71963
233600 -72015
233700 -72047
233800 -72089
233900 -72108
234000 -72127
234100 -72151
234200 -72178
234300 -72213
234400 -72224
234500 -72237
234600 -72285
234700 -72304
234800 -72320
234900 -72367
235000 -72388
235100 -72414
235200 -72472
235300 -72495
235400 -72494
235500 -72532
235600 -72573
235700 -72603
235800 -72616
235900 -72640
236000 -72647
236100 -72663
236200 -72677
236300 -72702
236400 -72735
236500 -72765
236600 -72799
236700 -72852
236800 -72852
236900 -72879
237000 -72878
237100 -72912
237200 -72952
237300 -72988
237400 -72988
237500 -73044
237600 -73038
237700 -73068
237800 -73122
237900 -73121
238000 -73134
238100 -73142
238200 -73188
238300 -73210
238400 -73250
238500 -73269
238600 -73286
238700 -73281
238800 -73337
238900 -73358
239000 -73400
239100 -73413
239200 -73455
239300 -73501
239400 -73531
239500 -73619
239600 -73652
239700 -73660
239800 -73661
239900 -73675
240000 -73712
240100 -73746
240200 -73800
240300 -73856
240400 -73872
240500 -73915
240600 -73973
240700 -73969
240800 -74000
240900 -73991
241000 -74051
241100 -74107
241200 -74115
241300 -74131
241400 -74160
241500 -74195
241600 -74241
241700 -74251
241800 -74301
241900 -74342
242000 -74362
242100 -74368
242200 -74422
242300 -74442
242400 -74472
242500 -74482
242600 -74539
242700 -74558
242800 -74591
242900 -74676
243000 -74736
243100 -74777
243200 -74787
243300 -74823
243400 -74886
243500 -74921
243600 -74926
243700 -74944
243800 -74983
243900 -74988
244000 -75016
244100 -75031
244200 -75079
244300 -75071
244400 -75139
244500 -75147
244600 -75187
244700 -75216
244800 -75268
244900 -75232
245000 -75215
245100 -75246
245200 -75239
245300 -75267
245400 -75300
245500 -75290
245600 -75320
245700 -75368
245800 -75396
245900 -75433
246000 -75424
246100 -75489
246200 -75531
246300 -75549
246400 -75563
246500 -75549
246600 -75581
246700 -75584
246800 -75598
246900 -75627
247000 -75678
247100 -75686
247200 -75696
247300 -75709
247400 -75771
247500 -75844
247600 -75885
247700 -75922
247800 -75979
247900 -76015
248000 -76049
248100 -76058
248200 -76077
248300 -76074
248400 -76144
248500 -76163
248600 -76206
248700 -76213
248800 -76234
248900 -76278
249000 -76314
249100 -76351
249200 -76376
249300 -76395
249400 -76433
249500 -76453
249600 -76480
249700 -76465
249800 -76532
249900 -76502
250000 -76536
250100 -76554
250200 -76572
250300 -76571
250400 -76612
250500 -76643
250600 -76709
250700 -76744
250800 -76780
250900 -76824
251000 -76855
251100 -76846
251200 -76869
251300 -76882
251400 -76901
251500 -76953
251600 -76977
251700 -76995
251800 -77000
251900 -77014
252000 -77032
252100 -77054
252200 -77106
252300 -77116
252400 -77145
252500 -77191
252600 -77222
252700 -77269
252800 -77312
252900 -77339
253000 -77372
253100 -77423
253200 -77422
253300 -77453
253400 -77484
253500 -77527
253600 -77539
253700 -77580
253800 -77603
253900 -77618
254000 -77661
254100 -77681
254200 -77706
254300 -77723
254400 -77762
254500 -77792
254600 -77838
254700 -77854
254800 -77872
254900 -77888
255000 -77927
255100 -77960
255200 -77989
255300 -78017
255400 -78034
255500 -78068
255600 -78044
255700 -78056
255800 -78059
255900 -78094
256000 -78119
256100 -78115
256200 -78143
256300 -78150
256400 -78196
256500 -78186
256600 -78227
256700 -78252
256800 -78286
256900 -78312
257000 -78334
257100 -78364
257200 -78373
257300 -78381
257400 -78407
257500 -78418
257600 -78463
257700 -78481
257800 -78487
257900 -78517
258000 -78580
258100 -78628
258200 -78655
258300 -78683
258400 -78712
258500 -78747
258600 -78778
258700 -78796
258800 -78819
258900 -78833
259000 -78840
259100 -78872
259200 -78907
259300 -78959
259400 -78984
259500 -79033
259600 -79053
259700 -79069
259800 -79094
259900 -79120
260000 -79152
260100 -79162
260200 -79193
260300 -79215
260400 -79218
260500 -79215
260600 -79211
260700 -79268
260800 -79316
260900 -79354
261000 -79366
261100 -79401
261200 -79425
261300 -79428
261400 -79469
261500 -79505
261600 -79534
261700 -79570
261800 -79610
261900 -79661
262000 -79708
262100 -79718
262200 -79764
262300 -79800
262400 -79807
262500 -79835
262600 -79834
262700 -79824
262800 -79832
262900 -79849
263000 -79873
263100 -79903
263200 -79915
263300 -79891
263400 -79952
263500 -79964
263600 -79969
263700 -79988
263800 -79987
263900 -79987
264000 -80027
264100 -80017
264200 -80043
264300 -80062
264400 -80095
264500 -80165
264600 -80215
264700 -80268
264800 -80282
264900 -80329
265000 -80356
265100 -80353
265200 -80378
265300 -80402
265400 -80415
265500 -80442
265600 -80475
265700 -80511
265800 -80529
265900 -80555
266000 -80603
266100 -80641
266200 -80706
266300 -80742
266400 -80752
266500 -80773
266600 -80808
266700 -80815
266800 -80818
266900 -80818
267000 -80850
267100 -80845
267200 -80863
267300 -80866
267400 -80887
267500 -80918
267600 -80972
267700 -80968
267800 -81025
267900 -81027
268000 -81043
268100 -81053
268200 -81082
268300 -81099
268400 -81089
268500 -81108
268600 -81123
268700 -81134
268800 -81191
268900 -81195
269000 -81213
269100 -81246
269200 -81256
269300 -81282
269400 -81294
269500 -81345
269600 -81372
269700 -81418
269800 -81431
269900 -81482
270000 -81484
270100 -81508
270200 -81546
270300 -81592
270400 -81622
270500 -81628
270600 -81654
270700 -81678
270800 -81640
270900 -81659
271000 -81684
271100 -81706
271200 -81732
271300 -81734
271400 -81783
271500 -81816
271600 -81864
271700 -81875
271800 -81865
271900 -81894
272000 -81921
272100 -81948
272200 -81961
272300 -81984
272400 -81996
272500 -82038
272600 -82055
272700 -82058
272800 -82113
272900 -82126
273000 -82138
273100 -82170
273200 -82166
273300 -82185
273400 -82191
273500 -82201
273600 -82219
273700 -82241
273800 -82250
273900 -82282
274000 -82305
274100 -82345
274200 -82320
274300 -82341
274400 -82359
274500 -82391
274600 -82399
274700 -82452
274800 -82462
274900 -82493
275000 -82520
275100 -82547
275200 -82535
275300 -82539
275400 -82564
275500 -82618
275600 -82643
275700 -82700
275800 -82721
275900 -82711
276000 -82728
276100 -82751
276200 -82775
276300 -82807
276400 -82843
276500 -82866
276600 -82882
276700 -82914
276800 -82954
276900 -82954
277000 -82967
277100 -82990
277200 -82999
277300 -83041
277400 -83052
277500 -83113
277600 -83153
277700 -83194
277800 -83198
277900 -83228
278000 -83272
278100 -83279
278200 -83307
278300 -83343
278400 -83345
278500 -83410
278600 -83475
278700 -83509
278800 -83563
278900 -83567
279000 -83603
279100 -83658
279200 -83678
279300 -83677
279400 -83695
279500 -83694
279600 -83694
279700 -83715
279800 -83713
279900 -83694
280000 -83729
280100 -83778
280200 -83805
280300 -83823
280400 -83838
280500 -83825
280600 -83835
280700 -83875
280800 -83891
280900 -83904
281000 -83931
281100 -83942
281200 -83990
281300 -83998
281400 -84025
281500 -84038
281600 -84102
281700 -84115
281800 -84144
281900 -84187
282000 -84200
282100 -84212
282200 -84259
282300 -84269
282400 -84310
282500 -84290
282600 -84328
282700 -84352
282800 -84412
282900 -84435
283000 -84474
283100 -84529
283200 -84538
283300 -84540
283400 -84569
283500 -84621
283600 -84640
283700 -84674
283800 -84704
283900 -84730
284000 -84737
284100 -84763
284200 -84771
284300 -84749
284400 -84735
284500 -84734
284600 -84732
284700 -84788
284800 -84784
284900 -84836
285000 -84823
285100 -84843
285200 -84892
285300 -84918
285400 -84921
285500 -84928
285600 -84934
285700 -84944
285800 -84954
285900 -84990
286000 -85010
286100 -85076
286200 -85071
286300 -85093
286400 -85122
286500 -85122
286600 -85145
286700 -85163
286800 -85158
286900 -85176
287000 -85161
287100 -85180
287200 -85214
287300 -85249
287400 -85274
287500 -85270
287600 -85305
287700 -85304
287800 -85357
287900 -85405
288000 -85415
288100 -85442
288200 -85487
288300 -85546
288400 -85574
288500 -85582
288600 -85602
288700 -85636
288800 -85645
288900 -85652
289000 -85653
289100 -85697
289200 -85697
289300 -85721
289400 -85737
289500 -85806
289600 -85827
289700 -85839
289800 -85897
289900 -85938
290000 -85950
290100 -85967
290200 -85998
290300 -86027
290400 -86043
290500 -86073
290600 -86101
290700 -86132
290800 -86142
290900 -86145
291000 -86201
291100 -86225
291200 -86268
291300 -86293
291400 -86289
291500 -86314
291600 -86331
291700 -86375
291800 -86392
291900 -86386
292000 -86388
292100 -86410
292200 -86402
292300 -86458
292400 -86503
292500 -86512
292600 -86547
292700 -86583
292800 -86615
292900 -86615
293000 -86630
293100 -86639
293200 -86634
293300 -86686
293400 -86734
293500 -86746
293600 -86736
293700 -86760
293800 -86771
293900 -86792
294000 -86833
294100 -86849
294200 -86864
294300 -86878
294400 -86900
294500 -86898
294600 -86936
294700 -86967
294800 -87004
294900 -87029
295000 -87053
295100 -87068
295200 -87080
295300 -87113
295400 -87142
295500 -87132
295600 -87137
295700 -87162
295800 -87188
295900 -87210
296000 -87238
296100 -87290
296200 -87316
296300 -87293
296400 -87311
296500 -87303
296600 -87317
296700 -87361
296800 -87374
296900 -87384
297000 -87423
297100 -87461
297200 -87444
297300 -87480
297400 -87494
297500 -87567
297600 -87593
297700 -87621
297800 -87639
297900 -87632
298000 -87669
298100 -87668
298200 -87652
298300 -87676
298400 -87705
298500 -87766
298600 -87785
298700 -87783
298800 -87790
298900 -87861
299000 -87893
299100 -87913
299200 -87921
299300 -87916
299400 -87915
299500 -87941
299600 -87939
299700 -87968
299800 -87982
299900 -88013
300000 -88010
300100 -88068
300200 -88093
300300 -88105
300400 -88117
300500 -88130
300600 -88152
300700 -88190
300800 -88250
300900 -88270
301000 -88265
301100 -88277
301200 -88295
301300 -88316
301400 -88359
301500 -88372
301600 -88421
301700 -88439
301800 -88455
301900 -88481
302000 -88491
302100 -88507
302200 -88531
302300 -88516
302400 -88506
302500 -88541
302600 -88567
302700 -88569
302800 -88596
302900 -88595
303000 -88640
303100 -88623
303200 -88660
303300 -88687
303400 -88676
303500 -88714
303600 -88738
303700 -88777
303800 -88807
303900 -88824
304000 -88843
304100 -88855
304200 -88849
304300 -88842
304400 -88854
304500 -88870
304600 -88899
304700 -88936
304800 -88974
304900 -89018
305000 -89017
305100 -89067
305200 -89103
305300 -89119
305400 -89140
305500 -89196
305600 -89214
305700 -89266
305800 -89303
305900 -89288
306000 -89296
306100 -89333
306200 -89347
306300 -89372
306400 -89441
306500 -89462
306600 -89506
306700 -89517
306800 -89536
306900 -89560
307000 -89564
307100 -89557
307200 -89603
307300 -89632
307400 -89688
307500 -89710
307600 -89724
307700 -89720
307800 -89723
307900 -89771
308000 -89827
308100 -89867
308200 -89868
308300 -89905
308400 -89922
308500 -89959
308600 -89996
308700 -90041
308800 -90087
308900 -90117
309000 -90137
309100 -90172
309200 -90204
309300 -90224
309400 -90232
309500 -90253
309600 -90295
309700 -90326
309800 -90341
309900 -90340
310000 -90394
310100 -90408
310200 -90421
310300 -90454
310400 -90478
310500 -90489
310600 -90500
310700 -90484
310800 -90496
310900 -90497
311000 -90524
311100 -90582
311200 -90605
311300 -90633
311400 -90624
311500 -90641
311600 -90683
311700 -90697
311800 -90731
311900 -90739
312000 -90744
312100 -90761
312200 -90811
312300 -90857
312400 -90847
312500 -90839
312600 -90844
312700 -90873
312800 -90875
312900 -90872
313000 -90883
313100 -90886
313200 -90931
313300 -90907
313400 -90920
313500 -90920
313600 -90902
313700 -90931
313800 -90924
313900 -90966
314000 -90987
314100 -90981
314200 -90989
314300 -91023
314400 -91044
314500 -91069
314600 -91077
314700 -91070
314800 -91091
314900 -91083
315000 -91102
315100 -91097
315200 -91102
315300 -91123
315400 -91129
315500 -91133
315600 -91149
315700 -91158
315800 -91143
315900 -91148
316000 -91177
316100 -91157
316200 -91157
316300 -91162
316400 -91195
316500 -91237
316600 -91258
316700 -91271
316800 -91315
316900 -91339
317000 -91334
317100 -91367
317200 -91380
317300 -91402
317400 -91419
317500 -91437
317600 -91484
317700 -91491
317800 -91494
317900 -91508
318000 -91509
318100 -91563
318200 -91571
318300 -91625
318400 -91625
318500 -91640
318600 -91672
318700 -91669
318800 -91693
318900 -91709
319000 -91720
319100 -91726
319200 -91726
319300 -91751
319400 -91781
319500 -91798
319600 -91813
319700 -91814
319800 -91817
319900 -91848
320000 -91873
320100 -91872
320200 -91885
320300 -91949
320400 -91941
320500 -91960
320600 -91959
320700 -91980
320800 -92001
320900 -92030
321000 -92033
321100 -92056
321200 -92087
321300 -92101
321400 -92148
321500 -92179
321600 -92202
321700 -92242
321800 -92270
321900 -92281
322000 -92302
322100 -92324
322200 -92334
322300 -92351
322400 -92394
322500 -92430
322600 -92430
322700 -92480
322800 -92492
322900 -92477
323000 -92480
323100 -92507
323200 -92532
323300 -92541
323400 -92568
323500 -92587
323600 -92583
323700 -92601
323800 -92618
323900 -92645
324000 -92651
324100 -92656
324200 -92686
324300 -92720
324400 -92748
324500 -92791
324600 -92803
324700 -92808
324800 -92832
324900 -92879
325000 -92887
325100 -92922
325200 -92954
325300 -92971
325400 -92993
325500 -93057
325600 -93072
325700 -93085
325800 -93146
325900 -93189
326000 -93218
326100 -93186
326200 -93186
326300 -93184
326400 -93203
326500 -93228
326600 -93269
326700 -93323
326800 -93360
326900 -93379
327000 -93418
327100 -93468
327200 -93490
327300 -93488
327400 -93519
327500 -93560
327600 -93593
327700 -93597
327800 -93629
327900 -93665
328000 -93675
328100 -93677
328200 -93671
328300 -93717
328400 -93748
328500 -93784
328600 -93816
328700 -93874
328800 -93891
328900 -93920
329000 -93922
329100 -93921
329200 -93924
329300 -93966
329400 -93983
329500 -94011
329600 -94007
329700 -94057
329800 -94077
329900 -94094
330000 -94138
330100 -94119
330200 -94165
330300 -94179
330400 -94171
330500 -94222
330600 -94224
330700 -94243
330800 -94225
330900 -94237
331000 -94236
331100 -94243
331200 -94222
331300 -94251
331400 -94299
331500 -94304
331600 -94290
331700 -94347
331800 -94326
331900 -94358
332000 -94407
332100 -94414
332200 -94433
332300 -94447
332400 -94467
332500 -94467
332600 -94500
332700 -94492
332800 -94495
332900 -94502
333000 -94531
333100 -94546
333200 -94580
333300 -94597
333400 -94617
333500 -94639
333600 -94640
333700 -94644
333800 -94685
333900 -94716
334000 -94749
334100 -94756
334200 -94792
334300 -94791
334400 -94840
334500 -94854
334600 -94864
334700 -94891
334800 -94920
334900 -94936
335000 -94933
335100 -94994
335200 -94977
335300 -95002
335400 -95005
335500 -95012
335600 -95034
335700 -95062
335800 -95100
335900 -95112
336000 -95144
336100 -95193
336200 -95212
336300 -95225
336400 -95226
336500 -95232
336600 -95226
336700 -95254
336800 -95302
336900 -95321
337000 -95321
337100 -95360
337200 -95364
337300 -95416
337400 -95437
337500 -95440
337600 -95441
337700 -95427
337800 -95477
337900 -95513
338000 -95535
338100 -95532
338200 -95580
338300 -95563
338400 -95611
338500 -95639
338600 -95682
338700 -95693
338800 -95697
338900 -95738
339000 -95741
339100 -95781
339200 -95767
339300 -95777
339400 -95798
339500 -95801
339600 -95810
339700 -95838
339800 -95841
339900 -95868
340000 -95877
340100 -95877
340200 -95896
340300 -95903
340400 -95945
340500 -95970
340600 -95998
340700 -96015
340800 -96051
340900 -96077
341000 -96109
341100 -96155
341200 -96171
341300 -96210
341400 -96218
341500 -96249
341600 -96250
341700 -96260
341800 -96276
341900 -96335
342000 -96392
342100 -96415
342200 -96434
342300 -96454
342400 -96443
342500 -96463
342600 -96489
342700 -96508
342800 -96502
342900 -96524
343000 -96563
343100 -96586
343200 -96611
343300 -96624
343400 -96657
343500 -96701
343600 -96726
343700 -96745
343800 -96798
343900 -96822
344000 -96833
344100 -96855
344200 -96870
344300 -96894
344400 -96917
344500 -96895
344600 -96908
344700 -96872
344800 -96899
344900 -96931
345000 -96928
345100 -96948
345200 -96955
345300 -96977
345400 -96982
345500 -97009
345600 -97016
345700 -97009
345800 -97018
345900 -97031
346000 -97049
346100 -97049
346200 -97077
346300 -97107
346400 -97133
346500 -97167
346600 -97203
346700 -97247
346800 -97256
346900 -97259
347000 -97294
347100 -97329
347200 -97363
347300 -97390
347400 -97423
347500 -97404
347600 -97444
347700 -97462
347800 -97456
347900 -97467
348000 -97491
348100 -97485
348200 -97510
348300 -97547
348400 -97572
348500 -97604
348600 -97636
348700 -97653
348800 -97683
348900 -97760
349000 -97777
349100 -97792
349200 -97762
349300 -97765
349400 -97779
349500 -97807
349600 -97810
349700 -97827
349800 -97811
349900 -97837
350000 -97892
350100 -97875
350200 -97885
350300 -97928
350400 -97949
350500 -97958
350600 -97965
350700 -98001
350800 -98025
350900 -98005
351000 -98033
351100 -98025
351200 -98039
351300 -98055
351400 -98068
351500 -98091
351600 -98129
351700 -98175
351800 -98217
351900 -98233
352000 -98261
352100 -98298
352200 -98316
352300 -98335
352400 -98356
352500 -98399
352600 -98435
352700 -98475
352800 -98504
352900 -98503
353000 -98527
353100 -98568
353200 -98580
353300 -98588
353400 -98585
353500 -98628
353600 -98652
353700 -98686
353800 -98654
353900 -98676
354000 -98713
354100 -98706
354200 -98763
354300 -98786
354400 -98789
354500 -98804
354600 -98817
354700 -98832
354800 -98832
354900 -98838
355000 -98860
355100 -98869
355200 -98872
355300 -98878
355400 -98914
355500 -98942
355600 -98957
355700 -98944
355800 -98931
355900 -98935
356000 -98958
356100 -98991
356200 -98980
356300 -99008
356400 -99043
356500 -99067
356600 -99044
356700 -99063
356800 -99086
356900 -99118
357000 -99119
357100 -99175
357200 -99174
357300 -99166
357400 -99199
357500 -99221
357600 -99268
357700 -99287
357800 -99320
357900 -99344
358000 -99351
358100 -99371
358200 -99388
358300 -99443
358400 -99466
358500 -99486
358600 -99501
358700 -99541
358800 -99556
358900 -99552
359000 -99552
359100 -99574
359200 -99590
359300 -99622
359400 -99635
359500 -99632
359600 -99649
359700 -99662
359800 -99681
359900 -99669
360000 -99684
360100 -99677
360200 -99696
360300 -99697
360400 -99716
360500 -99732
360600 -99738
360700 -99758
360800 -99798
360900 -99829
361000 -99867
361100 -99875
361200 -99890
361300 -99902
361400 -99923
361500 -99959
361600 -99991
361700 -100004
361800 -100036
361900 -100035
362000 -100035
362100 -100057
362200 -100102
362300 -100139
362400 -100160
362500 -100203
362600 -100188
362700 -100193
362800 -100187
362900 -100227
363000 -100240
363100 -100260
363200 -100259
363300 -100273
363400 -100295
363500 -100302
363600 -100314
363700 -100330
363800 -100333
363900 -100347
364000 -100357
364100 -100351
364200 -100382
364300 -100374
364400 -100404
364500 -100453
364600 -100473
364700 -100514
364800 -100519
364900 -100536
365000 -100555
365100 -100589
365200 -100625
365300 -100641
365400 -100655
365500 -100680
365600 -100725
365700 -100782
365800 -100811
365900 -100823
366000 -100797
366100 -100788
366200 -100795
366300 -100789
366400 -100801
366500 -100818
366600 -100872
366700 -100890
366800 -100901
366900 -100909
367000 -100914
367100 -100943
367200 -100951
367300 -100934
367400 -100937
367500 -100974
367600 -101006
367700 -101041
367800 -101057
367900 -101064
368000 -101114
368100 -101165
368200 -101162
368300 -101179
368400 -101194
368500 -101234
368600 -101226
368700 -101231
368800 -101246
368900 -101234
369000 -101248
369100 -101261
369200 -101318
369300 -101340
369400 -101382
369500 -101386
369600 -101401
369700 -101410
369800 -101427
369900 -101464
370000 -101481
370100 -101480
370200 -101536
370300 -101561
370400 -101599
370500 -101630
370600 -101599
370700 -101634
370800 -101656
370900 -101680
371000 -101673
371100 -101688
371200 -101692
371300 -101734
371400 -101767
371500 -101772
371600 -101819
371700 -101855
371800 -101888
371900 -101898
372000 -101926
372100 -101947
372200 -101951
372300 -101968
372400 -102010
372500 -102012
372600 -102012
372700 -102064
372800 -102037
372900 -102046
373000 -102050
373100 -102084
373200 -102083
373300 -102109
373400 -102139
373500 -102140
373600 -102185
373700 -102208
373800 -102205
373900 -102239
374000 -102274
374100 -102311
374200 -102329
374300 -102346
374400 -102351
374500 -102389
374600 -102421
374700 -102405
374800 -102403
374900 -102413
375000 -102394
375100 -102400
375200 -102432
375300 -102429
375400 -102471
375500 -102470
375600 -102515
375700 -102530
375800 -102533
375900 -102551
376000 -102595
376100 -102613
376200 -102636
376300 -102670
376400 -102677
376500 -102710
376600 -102740
376700 -102764
376800 -102800
376900 -102833
377000 -102859
377100 -102898
377200 -102885
377300 -102913
377400 -102921
377500 -102956
377600 -103035
377700 -103073
377800 -103102
377900 -103157
378000 -103162
378100 -103185
378200 -103224
378300 -103237
378400 -103222
378500 -103268
378600 -103278
378700 -103310
378800 -103334
378900 -103377
379000 -103413
379100 -103428
379200 -103452
379300 -103442
379400 -103459
379500 -103459
379600 -103471
379700 -103491
379800 -103496
379900 -103513
380000 -103521
380100 -103536
380200 -103550
380300 -103578
380400 -103603
380500 -103610
380600 -103624
380700 -103669
380800 -103737
380900 -103752
381000 -103780
381100 -103794
381200 -103849
381300 -103846
381400 -103852
381500 -103893
381600 -103923
381700 -103951
381800 -103966
381900 -103979
382000 -104040
382100 -104049
382200 -104082
382300 -104084
382400 -104118
382500 -104127
382600 -104120
382700 -104123
382800 -104167
382900 -104213
383000 -104211
383100 -104199
383200 -104250
383300 -104252
383400 -104256
383500 -104262
383600 -104308
383700 -104315
383800 -104320
383900 -104318
384000 -104337
384100 -104362
384200 -104364
384300 -104389
384400 -104393
384500 -104407
384600 -104412
384700 -104447
384800 -104453
384900 -104469
385000 -104474
385100 -104506
385200 -104503
385300 -104535
385400 -104545
385500 -104538
385600 -104551
385700 -104557
385800 -104569
385900 -104608
386000 -104609
386100 -104610
386200 -104635
386300 -104644
386400 -104658
386500 -104629
386600 -104686
386700 -104712
386800 -104740
386900 -104762
387000 -104803
387100 -104813
387200 -104815
387300 -104845
387400 -104826
387500 -104819
387600 -104839
387700 -104884
387800 -104928
387900 -104957
388000 -104988
388100 -104985
388200 -104999
388300 -105019
388400 -105041
388500 -105090
388600 -105113
388700 -105120
388800 -105119
388900 -105165
389000 -105170
389100 -105199
389200 -105209
389300 -105245
389400 -105267
389500 -105289
389600 -105317
389700 -105329
389800 -105308
389900 -105304
390000 -105323
390100 -105306
390200 -105347
390300 -105363
390400 -105387
390500 -105394
390600 -105423
390700 -105448
390800 -105487
390900 -105503
391000 -105526
391100 -105514
391200 -105540
391300 -105544
391400 -105577
391500 -105590
391600 -105637
391700 -105663
391800 -105651
391900 -105711
392000 -105723
392100 -105730
392200 -105739
392300 -105779
392400 -105790
392500 -105813
392600 -105826
392700 -105870
392800 -105894
392900 -105899
393000 -105916
393100 -105909
393200 -105924
393300 -105952
393400 -105977
393500 -105982
393600 -105975
393700 -105990
393800 -105974
393900 -105995
394000 -106006
394100 -106037
394200 -106054
394300 -106061
394400 -106058
394500 -106098
394600 -106077
394700 -106110
394800 -106114
394900 -106144
395000 -106172
395100 -106248
395200 -106253
395300 -106285
395400 -106290
395500 -106297
395600 -106345
395700 -106344
395800 -106373
395900 -106391
396000 -106445
396100 -106476
396200 -106490
396300 -106507
396400 -106520
396500 -106536
396600 -106554
396700 -106600
396800 -106613
396900 -106614
397000 -106628
397100 -106665
397200 -106672
397300 -106707
397400 -106741
397500 -106721
397600 -106708
397700 -106713
397800 -106742
397900 -106767
398000 -106835
398100 -106839
398200 -106859
398300 -106879
398400 -106875
398500 -106881
398600 -106877
398700 -106908
398800 -106899
398900 -106898
399000 -106911
399100 -106918
399200 -106926
399300 -106935
399400 -106956
399500 -106969
399600 -106978
399700 -107011
399800 -107027
399900 -107016
