0 -327303
100 -327347
200 -327422
300 -327420
400 -327445
500 -327486
600 -327511
700 -327561
800 -327631
900 -327645
1000 -327693
1100 -327690
1200 -327732
1300 -327751
1400 -327751
1500 -327812
1600 -327795
1700 -327752
1800 -327817
1900 -327826
2000 -327883
2100 -327900
2200 -327935
2300 -327972
2400 -327983
2500 -328051
2600 -328119
2700 -328119
2800 -328175
2900 -328237
3000 -328226
3100 -328274
3200 -328335
3300 -328341
3400 -328377
3500 -328413
3600 -328429
3700 -328513
3800 -328547
3900 -328632
4000 -328669
4100 -328715
4200 -328745
4300 -328837
4400 -328924
4500 -329007
4600 -329081
4700 -329148
4800 -329221
4900 -329263
5000 -329320
5100 -329373
5200 -329430
5300 -329455
5400 -329534
5500 -329590
5600 -329677
5700 -329713
5800 -329762
5900 -329817
6000 -329847
6100 -329936
6200 -330025
6300 -330088
6400 -330189
6500 -330259
6600 -330366
6700 -330455
6800 -330530
6900 -330642
7000 -330701
7100 -330764
7200 -330901
7300 -330961
7400 -331023
7500 -331097
7600 -331172
7700 -331269
7800 -331360
7900 -331447
8000 -331547
8100 -331670
8200 -331768
8300 -331876
8400 -331962
8500 -332087
8600 -332170
8700 -332237
8800 -332314
8900 -332381
9000 -332490
9100 -332588
9200 -332686
9300 -332777
9400 -332853
9500 -332940
9600 -333004
9700 -333088
9800 -333175
9900 -333264
10000 -333350
10100 -333447
10200 -333580
10300 -333695
10400 -333772
10500 -333868
10600 -333955
10700 -334040
10800 -334160
10900 -334258
11000 -334394
11100 -334476
11200 -334555
11300 -334657
11400 -334779
11500 -334864
11600 -334980
11700 -335069
11800 -335162
11900 -335283
12000 -335386
12100 -335509
12200 -335609
12300 -335687
12400 -335782
12500 -335898
12600 -335934
12700 -336035
12800 -336151
12900 -336247
13000 -336335
13100 -336440
13200 -336506
13300 -336601
13400 -336718
13500 -336808
13600 -336934
13700 -337040
13800 -337139
13900 -337209
14000 -337305
14100 -337441
14200 -337566
14300 -337671
14400 -337807
14500 -337933
14600 -338040
14700 -338064
14800 -338137
14900 -338236
15000 -338327
15100 -338434
15200 -338516
15300 -338596
15400 -338709
15500 -338809
15600 -338908
15700 -338994
15800 -339119
15900 -339222
16000 -339310
16100 -339398
16200 -339515
16300 -339647
16400 -339783
16500 -339867
16600 -339996
16700 -340110
16800 -340181
16900 -340297
17000 -340430
17100 -340560
17200 -340662
17300 -340738
17400 -340836
17500 -340947
17600 -341080
17700 -341185
17800 -341282
17900 -341401
18000 -341490
18100 -341619
18200 -341718
18300 -341792
18400 -341901
18500 -342007
18600 -342104
18700 -342187
18800 -342256
18900 -342362
19000 -342474
19100 -342578
19200 -342674
19300 -342758
19400 -342867
19500 -342939
19600 -343046
19700 -343154
19800 -343246
19900 -343339
20000 -343437
20100 -343587
20200 -343663
20300 -343760
20400 -343849
20500 -343955
20600 -344034
20700 -344140
20800 -344253
20900 -344369
21000 -344474
21100 -344557
21200 -344647
21300 -344754
21400 -344868
21500 -344953
21600 -345061
21700 -345144
21800 -345217
21900 -345302
22000 -345402
22100 -345514
22200 -345592
22300 -345691
22400 -345797
22500 -345870
22600 -345969
22700 -346083
22800 -346173
22900 -346246
23000 -346332
23100 -346410
23200 -346501
23300 -346594
23400 -346681
23500 -346800
23600 -346876
23700 -346999
23800 -347136
23900 -347236
24000 -347314
24100 -347410
24200 -347487
24300 -347587
24400 -347713
24500 -347767
24600 -347872
24700 -347955
24800 -348065
24900 -348153
25000 -348262
25100 -348348
25200 -348440
25300 -348532
25400 -348619
25500 -348732
25600 -348837
25700 -348972
25800 -349088
25900 -349176
26000 -349249
26100 -349330
26200 -349435
26300 -349538
26400 -349661
26500 -349743
26600 -349825
26700 -349904
26800 -350007
26900 -350106
27000 -350188
27100 -350302
27200 -350396
27300 -350496
27400 -350602
27500 -350700
27600 -350805
27700 -350873
27800 -350946
27900 -351022
28000 -351101
28100 -351202
28200 -351324
28300 -351460
28400 -351556
28500 -351679
28600 -351744
28700 -351798
28800 -351888
28900 -351959
29000 -352024
29100 -352092
29200 -352205
29300 -352292
29400 -352424
29500 -352518
29600 -352591
29700 -352675
29800 -352787
29900 -352880
30000 -352975
30100 -353086
30200 -353177
30300 -353255
30400 -353360
30500 -353449
30600 -353563
30700 -353676
30800 -353826
30900 -353930
31000 -354026
31100 -354142
31200 -354231
31300 -354314
31400 -354370
31500 -354457
31600 -354550
31700 -354609
31800 -354688
31900 -354779
32000 -354879
32100 -354959
32200 -355053
32300 -355156
32400 -355283
32500 -355367
32600 -355482
32700 -355577
32800 -355677
32900 -355793
33000 -355846
33100 -355889
33200 -355971
33300 -356054
33400 -356163
33500 -356233
33600 -356296
33700 -356401
33800 -356490
33900 -356568
34000 -356631
34100 -356698
34200 -356787
34300 -356873
34400 -356958
34500 -357057
34600 -357113
34700 -357203
34800 -357282
34900 -357381
35000 -357476
35100 -357565
35200 -357649
35300 -357718
35400 -357815
35500 -357886
35600 -357979
35700 -358080
35800 -358188
35900 -358234
36000 -358316
36100 -358409
36200 -358495
36300 -358575
36400 -358663
36500 -358760
36600 -358834
36700 -358928
36800 -359002
36900 -359086
37000 -359152
37100 -359244
37200 -359337
37300 -359395
37400 -359470
37500 -359545
37600 -359613
37700 -359698
37800 -359784
37900 -359881
38000 -359967
38100 -360086
38200 -360180
38300 -360286
38400 -360409
38500 -360519
38600 -360596
38700 -360676
38800 -360771
38900 -360850
39000 -360924
39100 -361016
39200 -361068
39300 -361151
39400 -361222
39500 -361303
39600 -361417
39700 -361502
39800 -361589
39900 -361650
40000 -361755
40100 -361846
40200 -361912
40300 -361975
40400 -362045
40500 -362129
40600 -362224
40700 -362327
40800 -362401
40900 -362466
41000 -362605
41100 -362668
41200 -362772
41300 -362886
41400 -362957
41500 -363035
41600 -363140
41700 -363200
41800 -363318
41900 -363411
42000 -363502
42100 -363594
42200 -363674
42300 -363742
42400 -363847
42500 -363977
42600 -364050
42700 -364145
42800 -364196
42900 -364254
43000 -364340
43100 -364416
43200 -364491
43300 -364562
43400 -364643
43500 -364738
43600 -364805
43700 -364885
43800 -364941
43900 -365028
44000 -365085
44100 -365182
44200 -365267
44300 -365327
44400 -365429
44500 -365494
44600 -365568
44700 -365649
44800 -365732
44900 -365799
45000 -365889
45100 -365957
45200 -366042
45300 -366089
45400 -366162
45500 -366254
45600 -366320
45700 -366423
45800 -366530
45900 -366586
46000 -366684
46100 -366752
46200 -366842
46300 -366930
46400 -367005
46500 -367067
46600 -367128
46700 -367224
46800 -367296
46900 -367377
47000 -367452
47100 -367539
47200 -367647
47300 -367733
47400 -367777
47500 -367873
47600 -368001
47700 -368072
47800 -368142
47900 -368216
48000 -368306
48100 -368379
48200 -368456
48300 -368529
48400 -368607
48500 -368695
48600 -368757
48700 -368835
48800 -368924
48900 -369001
49000 -369107
49100 -369192
49200 -369287
49300 -369390
49400 -369450
49500 -369507
49600 -369590
49700 -369638
49800 -369699
49900 -369791
50000 -369856
50100 -369934
50200 -370023
50300 -370100
50400 -370201
50500 -370283
50600 -370359
50700 -370430
50800 -370506
50900 -370576
51000 -370674
51100 -370740
51200 -370828
51300 -370886
51400 -370934
51500 -371009
51600 -371079
51700 -371126
51800 -371199
51900 -371281
52000 -371335
52100 -371411
52200 -371500
52300 -371581
52400 -371663
52500 -371743
52600 -371843
52700 -371918
52800 -372007
52900 -372091
53000 -372176
53100 -372276
53200 -372360
53300 -372439
53400 -372528
53500 -372606
53600 -372700
53700 -372781
53800 -372853
53900 -372924
54000 -372984
54100 -373068
54200 -373180
54300 -373231
54400 -373322
54500 -373411
54600 -373472
54700 -373520
54800 -373563
54900 -373638
55000 -373693
55100 -373766
55200 -373842
55300 -373905
55400 -373960
55500 -374019
55600 -374100
55700 -374215
55800 -374299
55900 -374376
56000 -374462
56100 -374533
56200 -374604
56300 -374688
56400 -374755
56500 -374819
56600 -374877
56700 -374981
56800 -375041
56900 -375099
57000 -375206
57100 -375269
57200 -375313
57300 -375379
57400 -375448
57500 -375511
57600 -375580
57700 -375675
57800 -375732
57900 -375791
58000 -375878
58100 -375969
58200 -376032
58300 -376116
58400 -376172
58500 -376236
58600 -376330
58700 -376403
58800 -376478
58900 -376542
59000 -376617
59100 -376697
59200 -376780
59300 -376848
59400 -376920
59500 -376975
59600 -377035
59700 -377109
59800 -377190
59900 -377276
60000 -377364
60100 -377460
60200 -377542
60300 -377585
60400 -377659
60500 -377706
60600 -377779
60700 -377871
60800 -377956
60900 -378019
61000 -378103
61100 -378191
61200 -378259
61300 -378312
61400 -378383
61500 -378470
61600 -378540
61700 -378613
61800 -378693
61900 -378755
62000 -378833
62100 -378902
62200 -378955
62300 -379024
62400 -379092
62500 -379159
62600 -379194
62700 -379270
62800 -379343
62900 -379418
63000 -379493
63100 -379605
63200 -379702
63300 -379749
63400 -379819
63500 -379887
63600 -379945
63700 -380018
63800 -380086
63900 -380169
64000 -380220
64100 -380278
64200 -380344
64300 -380423
64400 -380488
64500 -380552
64600 -380615
64700 -380696
64800 -380748
64900 -380844
65000 -380937
65100 -380996
65200 -381090
65300 -381158
65400 -381266
65500 -381327
65600 -381404
65700 -381463
65800 -381541
65900 -381629
66000 -381729
66100 -381814
66200 -381893
66300 -381992
66400 -382050
66500 -382115
66600 -382209
66700 -382273
66800 -382332
66900 -382388
67000 -382447
67100 -382523
67200 -382577
67300 -382655
67400 -382745
67500 -382827
67600 -382888
67700 -382966
67800 -383032
67900 -383123
68000 -383171
68100 -383229
68200 -383301
68300 -383358
68400 -383420
68500 -383495
68600 -383579
68700 -383653
68800 -383729
68900 -383782
69000 -383853
69100 -383921
69200 -383981
69300 -384050
69400 -384128
69500 -384188
69600 -384276
69700 -384329
69800 -384413
69900 -384488
70000 -384579
70100 -384664
70200 -384723
70300 -384830
70400 -384868
70500 -384960
70600 -384998
70700 -385050
70800 -385129
70900 -385197
71000 -385250
71100 -385340
71200 -385391
71300 -385466
71400 -385537
71500 -385604
71600 -385673
71700 -385741
71800 -385823
71900 -385898
72000 -385943
72100 -386013
72200 -386073
72300 -386147
72400 -386176
72500 -386226
72600 -386298
72700 -386371
72800 -386430
72900 -386492
73000 -386593
73100 -386649
73200 -386700
73300 -386766
73400 -386846
73500 -386923
73600 -386986
73700 -387052
73800 -387114
73900 -387159
74000 -387215
74100 -387271
74200 -387315
74300 -387399
74400 -387450
74500 -387528
74600 -387568
74700 -387642
74800 -387750
74900 -387791
75000 -387873
75100 -387958
75200 -388021
75300 -388089
75400 -388157
75500 -388237
75600 -388318
75700 -388359
75800 -388442
75900 -388525
76000 -388571
76100 -388656
76200 -388714
76300 -388779
76400 -388856
76500 -388930
76600 -389001
76700 -389053
76800 -389119
76900 -389184
77000 -389213
77100 -389279
77200 -389358
77300 -389415
77400 -389499
77500 -389585
77600 -389626
77700 -389677
77800 -389753
77900 -389801
78000 -389913
78100 -389959
78200 -390025
78300 -390090
78400 -390137
78500 -390225
78600 -390284
78700 -390344
78800 -390396
78900 -390470
79000 -390522
79100 -390593
79200 -390698
79300 -390775
79400 -390853
79500 -390917
79600 -390985
79700 -391044
79800 -391111
79900 -391160
80000 -391207
80100 -391283
80200 -391356
80300 -391420
80400 -391479
80500 -391538
80600 -391606
80700 -391653
80800 -391705
80900 -391770
81000 -391839
81100 -391893
81200 -391960
81300 -392031
81400 -392101
81500 -392149
81600 -392219
81700 -392296
81800 -392373
81900 -392433
82000 -392501
82100 -392583
82200 -392632
82300 -392695
82400 -392771
82500 -392843
82600 -392907
82700 -392961
82800 -393018
82900 -393103
83000 -393148
83100 -393232
83200 -393280
83300 -393329
83400 -393377
83500 -393421
83600 -393500
83700 -393543
83800 -393601
83900 -393667
84000 -393724
84100 -393770
84200 -393841
84300 -393913
84400 -393985
84500 -394045
84600 -394112
84700 -394192
84800 -394254
84900 -394349
85000 -394418
85100 -394477
85200 -394540
85300 -394586
85400 -394654
85500 -394691
85600 -394739
85700 -394786
85800 -394831
85900 -394884
86000 -394931
86100 -394982
86200 -395066
86300 -395133
86400 -395202
86500 -395269
86600 -395335
86700 -395386
86800 -395436
86900 -395506
87000 -395578
87100 -395639
87200 -395692
87300 -395726
87400 -395782
87500 -395879
87600 -395944
87700 -395974
87800 -396019
87900 -396094
88000 -396142
88100 -396208
88200 -396281
88300 -396347
88400 -396404
88500 -396452
88600 -396550
88700 -396604
88800 -396694
88900 -396765
89000 -396823
89100 -396892
89200 -396955
89300 -397015
89400 -397076
89500 -397137
89600 -397183
89700 -397236
89800 -397311
89900 -397373
90000 -397435
90100 -397499
90200 -397566
90300 -397623
90400 -397672
90500 -397737
90600 -397780
90700 -397819
90800 -397861
90900 -397909
91000 -397979
91100 -398034
91200 -398103
91300 -398185
91400 -398238
91500 -398314
91600 -398375
91700 -398453
91800 -398497
91900 -398546
92000 -398622
92100 -398683
92200 -398726
92300 -398801
92400 -398851
92500 -398929
92600 -398993
92700 -399058
92800 -399105
92900 -399156
93000 -399201
93100 -399261
93200 -399298
93300 -399394
93400 -399452
93500 -399517
93600 -399578
93700 -399618
93800 -399653
93900 -399724
94000 -399786
94100 -399870
94200 -399935
94300 -399989
94400 -400012
94500 -400080
94600 -400149
94700 -400231
94800 -400282
94900 -400331
95000 -400393
95100 -400430
95200 -400497
95300 -400529
95400 -400584
95500 -400631
95600 -400694
95700 -400739
95800 -400811
95900 -400875
96000 -400933
96100 -401012
96200 -401065
96300 -401099
96400 -401169
96500 -401227
96600 -401307
96700 -401342
96800 -401406
96900 -401458
97000 -401505
97100 -401582
97200 -401629
97300 -401707
97400 -401744
97500 -401810
97600 -401873
97700 -401944
97800 -402021
97900 -402071
98000 -402152
98100 -402191
98200 -402253
98300 -402336
98400 -402394
98500 -402472
98600 -402553
98700 -402622
98800 -402664
98900 -402720
99000 -402757
99100 -402825
99200 -402888
99300 -402946
99400 -403001
99500 -403047
99600 -403102
99700 -403156
99800 -403212
99900 -403271
100000 -403344
100100 -403411
100200 -403462
100300 -403523
100400 -403583
100500 -403653
100600 -403713
100700 -403766
100800 -403816
100900 -403866
101000 -403917
101100 -403966
101200 -404030
101300 -404087
101400 -404137
101500 -404178
101600 -404233
101700 -404271
101800 -404313
101900 -404375
102000 -404460
102100 -404513
102200 -404541
102300 -404599
102400 -404642
102500 -404729
102600 -404775
102700 -404836
102800 -404885
102900 -404956
103000 -405006
103100 -405077
103200 -405118
103300 -405183
103400 -405227
103500 -405287
103600 -405341
103700 -405387
103800 -405441
103900 -405499
104000 -405562
104100 -405601
104200 -405662
104300 -405704
104400 -405810
104500 -405880
104600 -405926
104700 -405975
104800 -406037
104900 -406080
105000 -406154
105100 -406199
105200 -406274
105300 -406324
105400 -406358
105500 -406397
105600 -406460
105700 -406524
105800 -406568
105900 -406648
106000 -406708
106100 -406774
106200 -406821
106300 -406880
106400 -406927
106500 -406987
106600 -407060
106700 -407107
106800 -407144
106900 -407221
107000 -407267
107100 -407309
107200 -407341
107300 -407420
107400 -407451
107500 -407496
107600 -407544
107700 -407582
107800 -407620
107900 -407662
108000 -407704
108100 -407732
108200 -407785
108300 -407828
108400 -407861
108500 -407904
108600 -407966
108700 -408041
108800 -408096
108900 -408152
109000 -408227
109100 -408270
109200 -408296
109300 -408334
109400 -408395
109500 -408465
109600 -408500
109700 -408550
109800 -408609
109900 -408626
110000 -408684
110100 -408752
110200 -408828
110300 -408897
110400 -408952
110500 -408990
110600 -409027
110700 -409070
110800 -409132
110900 -409168
111000 -409214
111100 -409246
111200 -409316
111300 -409367
111400 -409413
111500 -409483
111600 -409535
111700 -409600
111800 -409674
111900 -409714
112000 -409767
112100 -409802
112200 -409876
112300 -409935
112400 -410010
112500 -410066
112600 -410138
112700 -410184
112800 -410241
112900 -410294
113000 -410358
113100 -410437
113200 -410533
113300 -410583
113400 -410624
113500 -410673
113600 -410748
113700 -410786
113800 -410832
113900 -410881
114000 -410916
114100 -410966
114200 -411010
114300 -411028
114400 -411090
114500 -411145
114600 -411178
114700 -411232
114800 -411293
114900 -411323
115000 -411398
115100 -411436
115200 -411463
115300 -411523
115400 -411583
115500 -411645
115600 -411686
115700 -411735
115800 -411774
115900 -411834
116000 -411877
116100 -411910
116200 -411957
116300 -411995
116400 -412058
116500 -412105
116600 -412161
116700 -412198
116800 -412250
116900 -412313
117000 -412367
117100 -412424
117200 -412460
117300 -412507
117400 -412534
117500 -412582
117600 -412619
117700 -412660
117800 -412702
117900 -412729
118000 -412790
118100 -412857
118200 -412911
118300 -412974
118400 -413023
118500 -413077
118600 -413111
118700 -413168
118800 -413207
118900 -413258
119000 -413296
119100 -413367
119200 -413410
119300 -413466
119400 -413528
119500 -413573
119600 -413623
119700 -413654
119800 -413706
119900 -413748
120000 -413792
120100 -413825
120200 -413876
120300 -413913
120400 -413960
120500 -414016
120600 -414053
120700 -414109
120800 -414144
120900 -414167
121000 -414224
121100 -414282
121200 -414318
121300 -414360
121400 -414415
121500 -414481
121600 -414533
121700 -414578
121800 -414637
121900 -414680
122000 -414731
122100 -414774
122200 -414826
122300 -414855
122400 -414888
122500 -414939
122600 -414979
122700 -415020
122800 -415065
122900 -415135
123000 -415191
123100 -415232
123200 -415286
123300 -415332
123400 -415381
123500 -415428
123600 -415482
123700 -415532
123800 -415580
123900 -415626
124000 -415680
124100 -415733
124200 -415764
124300 -415791
124400 -415847
124500 -415895
124600 -415941
124700 -415983
124800 -416030
124900 -416069
125000 -416111
125100 -416170
125200 -416216
125300 -416266
125400 -416341
125500 -416380
125600 -416439
125700 -416495
125800 -416532
125900 -416594
126000 -416675
126100 -416713
126200 -416753
126300 -416836
126400 -416862
126500 -416932
126600 -416981
126700 -417029
126800 -417087
126900 -417128
127000 -417187
127100 -417235
127200 -417270
127300 -417334
127400 -417416
127500 -417454
127600 -417510
127700 -417577
127800 -417642
127900 -417667
128000 -417695
128100 -417730
128200 -417771
128300 -417829
128400 -417863
128500 -417910
128600 -417949
128700 -417985
128800 -418041
128900 -418066
129000 -418107
129100 -418175
129200 -418221
129300 -418257
129400 -418294
129500 -418346
129600 -418398
129700 -418439
129800 -418465
129900 -418528
130000 -418577
130100 -418627
130200 -418673
130300 -418748
130400 -418786
130500 -418843
130600 -418877
130700 -418909
130800 -418951
130900 -418990
131000 -419054
131100 -419121
131200 -419172
131300 -419213
131400 -419257
131500 -419280
131600 -419327
131700 -419353
131800 -419380
131900 -419438
132000 -419485
132100 -419539
132200 -419574
132300 -419602
132400 -419652
132500 -419684
132600 -419733
132700 -419772
132800 -419819
132900 -419844
133000 -419886
133100 -419921
133200 -419947
133300 -420007
133400 -420046
133500 -420084
133600 -420131
133700 -420191
133800 -420242
133900 -420293
134000 -420343
134100 -420370
134200 -420430
134300 -420465
134400 -420546
134500 -420612
134600 -420664
134700 -420725
134800 -420761
134900 -420828
135000 -420878
135100 -420897
135200 -420930
135300 -420984
135400 -421017
135500 -421043
135600 -421093
135700 -421125
135800 -421179
135900 -421214
136000 -421286
136100 -421317
136200 -421376
136300 -421425
136400 -421472
136500 -421521
136600 -421573
136700 -421645
136800 -421678
136900 -421735
137000 -421777
137100 -421821
137200 -421883
137300 -421950
137400 -421977
137500 -422023
137600 -422043
137700 -422090
137800 -422146
137900 -422188
138000 -422234
138100 -422276
138200 -422319
138300 -422374
138400 -422406
138500 -422467
138600 -422488
138700 -422547
138800 -422605
138900 -422636
139000 -422683
139100 -422711
139200 -422743
139300 -422787
139400 -422839
139500 -422855
139600 -422901
139700 -422949
139800 -422982
139900 -423046
140000 -423099
140100 -423152
140200 -423198
140300 -423221
140400 -423264
140500 -423308
140600 -423344
140700 -423407
140800 -423427
140900 -423463
141000 -423510
141100 -423571
141200 -423597
141300 -423650
141400 -423713
141500 -423764
141600 -423816
141700 -423850
141800 -423896
141900 -423933
142000 -423988
142100 -424038
142200 -424074
142300 -424132
142400 -424212
142500 -424257
142600 -424301
142700 -424345
142800 -424392
142900 -424435
143000 -424467
143100 -424507
143200 -424549
143300 -424604
143400 -424645
143500 -424694
143600 -424722
143700 -424758
143800 -424791
143900 -424828
144000 -424869
144100 -424928
144200 -424975
144300 -425032
144400 -425083
144500 -425133
144600 -425182
144700 -425225
144800 -425269
144900 -425296
145000 -425351
145100 -425413
145200 -425462
145300 -425503
145400 -425559
145500 -425621
145600 -425641
145700 -425679
145800 -425717
145900 -425760
146000 -425792
146100 -425829
146200 -425864
146300 -425902
146400 -425946
146500 -425968
146600 -425988
146700 -426038
146800 -426126
146900 -426150
147000 -426206
147100 -426274
147200 -426306
147300 -426356
147400 -426382
147500 -426456
147600 -426505
147700 -426558
147800 -426594
147900 -426639
148000 -426674
148100 -426704
148200 -426762
148300 -426789
148400 -426836
148500 -426861
148600 -426911
148700 -426954
148800 -426987
148900 -427041
149000 -427089
149100 -427139
149200 -427196
149300 -427253
149400 -427299
149500 -427336
149600 -427398
149700 -427449
149800 -427506
149900 -427543
150000 -427601
150100 -427652
150200 -427682
150300 -427752
150400 -427776
150500 -427802
150600 -427838
150700 -427866
150800 -427915
150900 -427970
151000 -428004
151100 -428059
151200 -428096
151300 -428131
151400 -428228
151500 -428284
151600 -428322
151700 -428374
151800 -428434
151900 -428477
152000 -428519
152100 -428557
152200 -428622
152300 -428669
152400 -428703
152500 -428758
152600 -428803
152700 -428827
152800 -428881
152900 -428930
153000 -428970
153100 -428987
153200 -429040
153300 -429077
153400 -429124
153500 -429160
153600 -429209
153700 -429245
153800 -429273
153900 -429330
154000 -429372
154100 -429463
154200 -429505
154300 -429539
154400 -429569
154500 -429620
154600 -429653
154700 -429696
154800 -429727
154900 -429763
155000 -429797
155100 -429840
155200 -429874
155300 -429901
155400 -429965
155500 -429997
155600 -430022
155700 -430077
155800 -430121
155900 -430156
156000 -430199
156100 -430228
156200 -430266
156300 -430312
156400 -430334
156500 -430386
156600 -430415
156700 -430465
156800 -430498
156900 -430545
157000 -430597
157100 -430637
157200 -430678
157300 -430717
157400 -430750
157500 -430800
157600 -430835
157700 -430892
157800 -430930
157900 -430959
158000 -431014
158100 -431072
158200 -431094
158300 -431131
158400 -431163
158500 -431224
158600 -431267
158700 -431319
158800 -431337
158900 -431392
159000 -431437
159100 -431466
159200 -431505
159300 -431551
159400 -431590
159500 -431633
159600 -431687
159700 -431733
159800 -431752
159900 -431773
160000 -431806
160100 -431858
160200 -431887
160300 -431936
160400 -431985
160500 -432043
160600 -432089
160700 -432136
160800 -432171
160900 -432207
161000 -432274
161100 -432323
161200 -432344
161300 -432391
161400 -432423
161500 -432481
161600 -432515
161700 -432557
161800 -432592
161900 -432617
162000 -432669
162100 -432716
162200 -432758
162300 -432815
162400 -432855
162500 -432875
162600 -432892
162700 -432925
162800 -432957
162900 -433011
163000 -433046
163100 -433066
163200 -433105
163300 -433149
163400 -433189
163500 -433231
163600 -433300
163700 -433346
163800 -433408
163900 -433449
164000 -433473
164100 -433525
164200 -433560
164300 -433609
164400 -433667
164500 -433703
164600 -433746
164700 -433803
164800 -433882
164900 -433926
165000 -433952
165100 -433973
165200 -434007
165300 -434045
165400 -434078
165500 -434111
165600 -434146
165700 -434202
165800 -434254
165900 -434299
166000 -434330
166100 -434387
166200 -434416
166300 -434454
166400 -434503
166500 -434528
166600 -434578
166700 -434600
166800 -434645
166900 -434681
167000 -434695
167100 -434745
167200 -434805
167300 -434861
167400 -434897
167500 -434927
167600 -434973
167700 -435025
167800 -435055
167900 -435106
168000 -435168
168100 -435212
168200 -435262
168300 -435307
168400 -435343
168500 -435391
168600 -435429
168700 -435485
168800 -435532
168900 -435578
169000 -435627
169100 -435664
169200 -435688
169300 -435729
169400 -435776
169500 -435809
169600 -435864
169700 -435895
169800 -435941
169900 -435973
170000 -436008
170100 -436045
170200 -436083
170300 -436132
170400 -436187
170500 -436245
170600 -436274
170700 -436308
170800 -436368
170900 -436402
171000 -436456
171100 -436477
171200 -436496
171300 -436535
171400 -436572
171500 -436603
171600 -436659
171700 -436685
171800 -436742
171900 -436800
172000 -436850
172100 -436909
172200 -436970
172300 -437027
172400 -437078
172500 -437117
172600 -437153
172700 -437198
172800 -437233
172900 -437263
173000 -437317
173100 -437389
173200 -437438
173300 -437467
173400 -437503
173500 -437561
173600 -437587
173700 -437625
173800 -437680
173900 -437715
174000 -437738
174100 -437785
174200 -437827
174300 -437884
174400 -437927
174500 -437959
174600 -438002
174700 -438036
174800 -438075
174900 -438127
175000 -438185
175100 -438216
175200 -438275
175300 -438311
175400 -438357
175500 -438386
175600 -438422
175700 -438449
175800 -438485
175900 -438517
176000 -438575
176100 -438617
176200 -438673
176300 -438719
176400 -438739
176500 -438767
176600 -438799
176700 -438832
176800 -438886
176900 -438939
177000 -438958
177100 -438963
177200 -438990
177300 -439029
177400 -439052
177500 -439064
177600 -439078
177700 -439136
177800 -439204
177900 -439246
178000 -439278
178100 -439306
178200 -439349
178300 -439399
178400 -439419
178500 -439438
178600 -439474
178700 -439495
178800 -439533
178900 -439586
179000 -439616
179100 -439643
179200 -439679
179300 -439739
179400 -439781
179500 -439803
179600 -439842
179700 -439899
179800 -439931
179900 -439978
180000 -440009
180100 -440029
180200 -440058
180300 -440083
180400 -440105
180500 -440130
180600 -440175
180700 -440236
180800 -440257
180900 -440281
181000 -440343
181100 -440381
181200 -440416
181300 -440451
181400 -440480
181500 -440493
181600 -440543
181700 -440585
181800 -440609
181900 -440663
182000 -440716
182100 -440770
182200 -440806
182300 -440859
182400 -440904
182500 -440955
182600 -440996
182700 -441034
182800 -441076
182900 -441140
183000 -441192
183100 -441228
183200 -441259
183300 -441294
183400 -441327
183500 -441414
183600 -441449
183700 -441503
183800 -441524
183900 -441557
184000 -441596
184100 -441633
184200 -441678
184300 -441715
184400 -441761
184500 -441806
184600 -441853
184700 -441874
184800 -441915
184900 -441961
185000 -441999
185100 -442051
185200 -442088
185300 -442126
185400 -442156
185500 -442186
185600 -442246
185700 -442282
185800 -442321
185900 -442355
186000 -442408
186100 -442432
186200 -442448
186300 -442502
186400 -442537
186500 -442553
186600 -442577
186700 -442610
186800 -442655
186900 -442683
187000 -442705
187100 -442746
187200 -442783
187300 -442811
187400 -442885
187500 -442928
187600 -442964
187700 -442990
187800 -443026
187900 -443057
188000 -443082
188100 -443101
188200 -443124
188300 -443152
188400 -443191
188500 -443229
188600 -443251
188700 -443271
188800 -443281
188900 -443307
189000 -443367
189100 -443385
189200 -443433
189300 -443455
189400 -443499
189500 -443557
189600 -443602
189700 -443624
189800 -443673
189900 -443727
190000 -443766
190100 -443794
190200 -443827
190300 -443852
190400 -443882
190500 -443911
190600 -443922
190700 -443940
190800 -443971
190900 -443999
191000 -444059
191100 -444074
191200 -444127
191300 -444160
191400 -444201
191500 -444221
191600 -444255
191700 -444286
191800 -444332
191900 -444362
192000 -444423
192100 -444475
192200 -444488
192300 -444519
192400 -444569
192500 -444626
192600 -444661
192700 -444697
192800 -444733
192900 -444760
193000 -444797
193100 -444812
193200 -444855
193300 -444875
193400 -444910
193500 -444942
193600 -444962
193700 -445011
193800 -445053
193900 -445112
194000 -445143
194100 -445171
194200 -445207
194300 -445250
194400 -445274
194500 -445299
194600 -445343
194700 -445377
194800 -445423
194900 -445461
195000 -445495
195100 -445524
195200 -445564
195300 -445603
195400 -445637
195500 -445698
195600 -445753
195700 -445794
195800 -445841
195900 -445868
196000 -445903
196100 -445939
196200 -445969
196300 -445995
196400 -446020
196500 -446049
196600 -446073
196700 -446104
196800 -446146
196900 -446169
197000 -446230
197100 -446273
197200 -446299
197300 -446325
197400 -446368
197500 -446386
197600 -446428
197700 -446468
197800 -446480
197900 -446514
198000 -446521
198100 -446566
198200 -446609
198300 -446632
198400 -446674
198500 -446708
198600 -446743
198700 -446766
198800 -446803
198900 -446852
199000 -446890
199100 -446913
199200 -446952
199300 -446975
199400 -446994
199500 -447030
199600 -447050
199700 -447084
199800 -447131
199900 -447167
200000 -447189
200100 -447238
200200 -447307
200300 -447340
200400 -447386
200500 -447404
200600 -447452
200700 -447504
200800 -447559
200900 -447596
201000 -447638
201100 -447689
201200 -447734
201300 -447763
201400 -447810
201500 -447843
201600 -447863
201700 -447914
201800 -447963
201900 -448001
202000 -448034
202100 -448078
202200 -448121
202300 -448156
202400 -448196
202500 -448233
202600 -448276
202700 -448316
202800 -448340
202900 -448380
203000 -448431
203100 -448493
203200 -448539
203300 -448566
203400 -448602
203500 -448631
203600 -448677
203700 -448704
203800 -448740
203900 -448783
204000 -448802
204100 -448820
204200 -448839
204300 -448867
204400 -448887
204500 -448919
204600 -448953
204700 -448988
204800 -449015
204900 -449050
205000 -449081
205100 -449124
205200 -449158
205300 -449215
205400 -449259
205500 -449301
205600 -449328
205700 -449366
205800 -449387
205900 -449408
206000 -449428
206100 -449469
206200 -449528
206300 -449560
206400 -449588
206500 -449626
206600 -449637
206700 -449677
206800 -449708
206900 -449722
207000 -449760
207100 -449792
207200 -449815
207300 -449827
207400 -449846
207500 -449878
207600 -449893
207700 -449951
207800 -450002
207900 -450025
208000 -450054
208100 -450097
208200 -450117
208300 -450169
208400 -450237
208500 -450293
208600 -450341
208700 -450368
208800 -450400
208900 -450424
209000 -450451
209100 -450480
209200 -450519
209300 -450558
209400 -450597
209500 -450651
209600 -450691
209700 -450719
209800 -450760
209900 -450789
210000 -450818
210100 -450839
210200 -450903
210300 -450927
210400 -450973
210500 -451005
210600 -451044
210700 -451076
210800 -451107
210900 -451130
211000 -451150
211100 -451183
211200 -451219
211300 -451267
211400 -451293
211500 -451334
211600 -451365
211700 -451384
211800 -451409
211900 -451450
212000 -451499
212100 -451531
212200 -451564
212300 -451601
212400 -451631
212500 -451666
212600 -451697
212700 -451737
212800 -451771
212900 -451813
213000 -451847
213100 -451893
213200 -451927
213300 -451965
213400 -451996
213500 -452020
213600 -452066
213700 -452116
213800 -452159
213900 -452188
214000 -452211
214100 -452257
214200 -452281
214300 -452298
214400 -452332
214500 -452373
214600 -452400
214700 -452436
214800 -452487
214900 -452541
215000 -452587
215100 -452660
215200 -452696
215300 -452706
215400 -452729
215500 -452776
215600 -452793
215700 -452833
215800 -452870
215900 -452890
216000 -452931
216100 -452959
216200 -452975
216300 -452999
216400 -453037
216500 -453072
216600 -453115
216700 -453138
216800 -453167
216900 -453186
217000 -453212
217100 -453233
217200 -453244
217300 -453278
217400 -453305
217500 -453319
217600 -453334
217700 -453361
217800 -453416
217900 -453459
218000 -453495
218100 -453533
218200 -453575
218300 -453616
218400 -453656
218500 -453690
218600 -453732
218700 -453761
218800 -453788
218900 -453824
219000 -453847
219100 -453861
219200 -453890
219300 -453931
219400 -453965
219500 -453985
219600 -454036
219700 -454073
219800 -454093
219900 -454134
220000 -454176
220100 -454220
220200 -454241
220300 -454273
220400 -454297
220500 -454339
220600 -454356
220700 -454395
220800 -454425
220900 -454451
221000 -454491
221100 -454519
221200 -454569
221300 -454581
221400 -454625
221500 -454655
221600 -454701
221700 -454741
221800 -454772
221900 -454801
222000 -454830
222100 -454872
222200 -454913
222300 -454926
222400 -454971
222500 -455019
222600 -455061
222700 -455094
222800 -455104
222900 -455127
223000 -455149
223100 -455192
223200 -455239
223300 -455275
223400 -455298
223500 -455327
223600 -455349
223700 -455368
223800 -455388
223900 -455422
224000 -455444
224100 -455481
224200 -455508
224300 -455537
224400 -455568
224500 -455596
224600 -455625
224700 -455663
224800 -455696
224900 -455707
225000 -455735
225100 -455772
225200 -455813
225300 -455840
225400 -455876
225500 -455902
225600 -455929
225700 -455962
225800 -456008
225900 -456025
226000 -456039
226100 -456059
226200 -456079
226300 -456110
226400 -456132
226500 -456159
226600 -456198
226700 -456234
226800 -456254
226900 -456278
227000 -456306
227100 -456366
227200 -456412
227300 -456449
227400 -456479
227500 -456493
227600 -456536
227700 -456589
227800 -456607
227900 -456633
228000 -456666
228100 -456681
228200 -456716
228300 -456744
228400 -456772
228500 -456808
228600 -456835
228700 -456874
228800 -456891
228900 -456910
229000 -456949
229100 -457002
229200 -457034
229300 -457073
229400 -457104
229500 -457121
229600 -457149
229700 -457173
229800 -457211
229900 -457219
230000 -457257
230100 -457289
230200 -457316
230300 -457336
230400 -457354
230500 -457380
230600 -457408
230700 -457444
230800 -457487
230900 -457522
231000 -457552
231100 -457592
231200 -457605
231300 -457664
231400 -457690
231500 -457725
231600 -457758
231700 -457798
231800 -457819
231900 -457839
232000 -457878
232100 -457903
232200 -457935
232300 -457959
232400 -457993
232500 -458023
232600 -458068
232700 -458106
232800 -458136
232900 -458171
233000 -458207
233100 -458248
233200 -458263
233300 -458288
233400 -458319
233500 -458367
233600 -458410
233700 -458437
233800 -458479
233900 -458500
234000 -458525
234100 -458549
234200 -458594
234300 -458614
234400 -458633
234500 -458667
234600 -458698
234700 -458726
234800 -458754
234900 -458779
235000 -458833
235100 -458865
235200 -458892
235300 -458921
235400 -458964
235500 -458981
235600 -459016
235700 -459056
235800 -459077
235900 -459121
236000 -459148
236100 -459182
236200 -459198
236300 -459220
236400 -459238
236500 -459282
236600 -459309
236700 -459320
236800 -459337
236900 -459371
237000 -459390
237100 -459430
237200 -459441
237300 -459492
237400 -459515
237500 -459543
237600 -459570
237700 -459591
237800 -459629
237900 -459675
238000 -459692
238100 -459704
238200 -459742
238300 -459784
238400 -459832
238500 -459869
238600 -459901
238700 -459929
238800 -459940
238900 -459966
239000 -460001
239100 -460042
239200 -460073
239300 -460108
239400 -460133
239500 -460161
239600 -460176
239700 -460196
239800 -460201
239900 -460227
240000 -460273
240100 -460285
240200 -460336
240300 -460364
240400 -460405
240500 -460415
240600 -460442
240700 -460471
240800 -460493
240900 -460513
241000 -460547
241100 -460558
241200 -460600
241300 -460631
241400 -460653
241500 -460687
241600 -460719
241700 -460748
241800 -460781
241900 -460800
242000 -460834
242100 -460881
242200 -460908
242300 -460933
242400 -460970
242500 -461009
242600 -461041
242700 -461080
242800 -461130
242900 -461158
243000 -461178
243100 -461214
243200 -461240
243300 -461262
243400 -461292
243500 -461303
243600 -461324
243700 -461350
243800 -461381
243900 -461433
244000 -461470
244100 -461512
244200 -461529
244300 -461578
244400 -461613
244500 -461658
244600 -461691
244700 -461719
244800 -461746
244900 -461764
245000 -461800
245100 -461826
245200 -461862
245300 -461878
245400 -461903
245500 -461916
245600 -461953
245700 -461990
245800 -462014
245900 -462041
246000 -462062
246100 -462094
246200 -462142
246300 -462175
246400 -462201
246500 -462248
246600 -462278
246700 -462312
246800 -462346
246900 -462377
247000 -462417
247100 -462444
247200 -462458
247300 -462472
247400 -462507
247500 -462524
247600 -462560
247700 -462603
247800 -462634
247900 -462658
248000 -462684
248100 -462727
248200 -462758
248300 -462779
248400 -462813
248500 -462842
248600 -462870
248700 -462920
248800 -462930
248900 -462962
249000 -463002
249100 -463019
249200 -463036
249300 -463055
249400 -463081
249500 -463104
249600 -463131
249700 -463158
249800 -463173
249900 -463184
250000 -463235
250100 -463257
250200 -463292
250300 -463314
250400 -463346
250500 -463381
250600 -463400
250700 -463407
250800 -463440
250900 -463466
251000 -463484
251100 -463510
251200 -463546
251300 -463571
251400 -463619
251500 -463639
251600 -463654
251700 -463672
251800 -463704
251900 -463738
252000 -463774
252100 -463823
252200 -463854
252300 -463880
252400 -463902
252500 -463926
252600 -463942
252700 -463945
252800 -463976
252900 -464000
253000 -464019
253100 -464056
253200 -464075
253300 -464119
253400 -464141
253500 -464185
253600 -464234
253700 -464273
253800 -464308
253900 -464321
254000 -464345
254100 -464371
254200 -464413
254300 -464445
254400 -464482
254500 -464509
254600 -464549
254700 -464576
254800 -464602
254900 -464629
255000 -464655
255100 -464681
255200 -464726
255300 -464734
255400 -464755
255500 -464783
255600 -464816
255700 -464830
255800 -464851
255900 -464886
256000 -464904
256100 -464938
256200 -464982
256300 -465024
256400 -465035
256500 -465056
256600 -465069
256700 -465103
256800 -465135
256900 -465168
257000 -465202
257100 -465232
257200 -465250
257300 -465280
257400 -465296
257500 -465321
257600 -465346
257700 -465407
257800 -465452
257900 -465483
258000 -465512
258100 -465525
258200 -465554
258300 -465599
258400 -465627
258500 -465650
258600 -465692
258700 -465710
258800 -465742
258900 -465775
259000 -465808
259100 -465836
259200 -465843
259300 -465873
259400 -465893
259500 -465906
259600 -465949
259700 -465986
259800 -466018
259900 -466038
260000 -466064
260100 -466090
260200 -466111
260300 -466130
260400 -466170
260500 -466224
260600 -466248
260700 -466261
260800 -466278
260900 -466300
261000 -466327
261100 -466369
261200 -466394
261300 -466429
261400 -466466
261500 -466495
261600 -466517
261700 -466533
261800 -466551
261900 -466558
262000 -466596
262100 -466611
262200 -466629
262300 -466672
262400 -466690
262500 -466729
262600 -466760
262700 -466786
262800 -466806
262900 -466833
263000 -466866
263100 -466892
263200 -466917
263300 -466919
263400 -466941
263500 -466968
263600 -466994
263700 -467023
263800 -467046
263900 -467080
264000 -467099
264100 -467118
264200 -467168
264300 -467209
264400 -467251
264500 -467285
264600 -467312
264700 -467348
264800 -467372
264900 -467399
265000 -467421
265100 -467442
265200 -467463
265300 -467484
265400 -467517
265500 -467531
265600 -467547
265700 -467583
265800 -467620
265900 -467652
266000 -467692
266100 -467729
266200 -467755
266300 -467778
266400 -467796
266500 -467803
266600 -467827
266700 -467843
266800 -467874
266900 -467880
267000 -467896
267100 -467942
267200 -467962
267300 -467993
267400 -468011
267500 -468018
267600 -468056
267700 -468080
267800 -468112
267900 -468135
268000 -468164
268100 -468189
268200 -468205
268300 -468219
268400 -468237
268500 -468264
268600 -468295
268700 -468314
268800 -468337
268900 -468357
269000 -468384
269100 -468415
269200 -468453
269300 -468497
269400 -468520
269500 -468556
269600 -468583
269700 -468619
269800 -468652
269900 -468680
270000 -468717
270100 -468728
270200 -468745
270300 -468792
270400 -468806
270500 -468843
270600 -468869
270700 -468896
270800 -468929
270900 -468957
271000 -468986
271100 -469024
271200 -469051
271300 -469084
271400 -469138
271500 -469159
271600 -469180
271700 -469200
271800 -469230
271900 -469257
272000 -469283
272100 -469295
272200 -469316
272300 -469357
272400 -469383
272500 -469416
272600 -469441
272700 -469495
272800 -469522
272900 -469556
273000 -469576
273100 -469604
273200 -469634
273300 -469647
273400 -469674
273500 -469691
273600 -469727
273700 -469766
273800 -469769
273900 -469781
274000 -469800
274100 -469826
274200 -469851
274300 -469857
274400 -469877
274500 -469896
274600 -469908
274700 -469921
274800 -469963
274900 -469993
275000 -470010
275100 -470025
275200 -470049
275300 -470086
275400 -470115
275500 -470134
275600 -470155
275700 -470163
275800 -470182
275900 -470244
276000 -470264
276100 -470300
276200 -470311
276300 -470332
276400 -470357
276500 -470383
276600 -470385
276700 -470404
276800 -470418
276900 -470443
277000 -470461
277100 -470480
277200 -470509
277300 -470540
277400 -470542
277500 -470560
277600 -470580
277700 -470595
277800 -470631
277900 -470639
278000 -470668
278100 -470691
278200 -470700
278300 -470716
278400 -470731
278500 -470745
278600 -470771
278700 -470789
278800 -470821
278900 -470855
279000 -470871
279100 -470905
279200 -470926
279300 -470968
279400 -470977
279500 -471007
279600 -471027
279700 -471069
279800 -471090
279900 -471125
280000 -471152
280100 -471195
280200 -471220
280300 -471256
280400 -471281
280500 -471316
280600 -471369
280700 -471395
280800 -471417
280900 -471437
281000 -471470
281100 -471497
281200 -471518
281300 -471527
281400 -471555
281500 -471573
281600 -471605
281700 -471629
281800 -471655
281900 -471672
282000 -471699
282100 -471739
282200 -471762
282300 -471793
282400 -471812
282500 -471829
282600 -471845
282700 -471862
282800 -471903
282900 -471917
283000 -471935
283100 -471968
283200 -472004
283300 -472016
283400 -472052
283500 -472082
283600 -472120
283700 -472153
283800 -472173
283900 -472195
284000 -472222
284100 -472236
284200 -472252
284300 -472282
284400 -472315
284500 -472337
284600 -472359
284700 -472396
284800 -472413
284900 -472450
285000 -472487
285100 -472521
285200 -472537
285300 -472580
285400 -472585
285500 -472610
285600 -472631
285700 -472639
285800 -472655
285900 -472682
286000 -472722
286100 -472744
286200 -472783
286300 -472820
286400 -472846
286500 -472875
286600 -472899
286700 -472928
286800 -472953
286900 -472979
287000 -473013
287100 -473048
287200 -473077
287300 -473115
287400 -473140
287500 -473145
287600 -473186
287700 -473203
287800 -473228
287900 -473264
288000 -473293
288100 -473310
288200 -473335
288300 -473356
288400 -473383
288500 -473407
288600 -473449
288700 -473469
288800 -473481
288900 -473502
289000 -473530
289100 -473560
289200 -473593
289300 -473609
289400 -473639
289500 -473665
289600 -473706
289700 -473729
289800 -473749
289900 -473751
290000 -473780
290100 -473796
290200 -473820
290300 -473866
290400 -473888
290500 -473934
290600 -473955
290700 -473967
290800 -473993
290900 -474013
291000 -474055
291100 -474074
291200 -474113
291300 -474131
291400 -474168
291500 -474192
291600 -474229
291700 -474252
291800 -474274
291900 -474295
292000 -474301
292100 -474331
292200 -474363
292300 -474392
292400 -474424
292500 -474454
292600 -474477
292700 -474491
292800 -474518
292900 -474539
293000 -474546
293100 -474577
293200 -474615
293300 -474631
293400 -474659
293500 -474689
293600 -474730
293700 -474758
293800 -474775
293900 -474799
294000 -474824
294100 -474855
294200 -474867
294300 -474882
294400 -474913
294500 -474926
294600 -474939
294700 -474978
294800 -475018
294900 -475048
295000 -475083
295100 -475101
295200 -475138
295300 -475183
295400 -475220
295500 -475262
295600 -475283
295700 -475324
295800 -475363
295900 -475379
296000 -475404
296100 -475415
296200 -475432
296300 -475446
296400 -475486
296500 -475508
296600 -475529
296700 -475558
296800 -475568
296900 -475581
297000 -475603
297100 -475629
297200 -475644
297300 -475672
297400 -475689
297500 -475711
297600 -475743
297700 -475759
297800 -475786
297900 -475806
298000 -475829
298100 -475868
298200 -475895
298300 -475914
298400 -475941
298500 -475973
298600 -476016
298700 -476029
298800 -476056
298900 -476069
299000 -476095
299100 -476133
299200 -476154
299300 -476168
299400 -476194
299500 -476226
299600 -476248
299700 -476290
299800 -476290
299900 -476311
300000 -476330
300100 -476351
300200 -476384
300300 -476406
300400 -476435
300500 -476473
300600 -476488
300700 -476517
300800 -476545
300900 -476570
301000 -476582
301100 -476586
301200 -476596
301300 -476609
301400 -476626
301500 -476653
301600 -476663
301700 -476686
301800 -476696
301900 -476734
302000 -476743
302100 -476770
302200 -476790
302300 -476814
302400 -476821
302500 -476844
302600 -476858
302700 -476868
302800 -476904
302900 -476947
303000 -476964
303100 -476988
303200 -477014
303300 -477045
303400 -477061
303500 -477087
303600 -477120
303700 -477129
303800 -477145
303900 -477158
304000 -477181
304100 -477209
304200 -477224
304300 -477259
304400 -477278
304500 -477324
304600 -477350
304700 -477375
304800 -477415
304900 -477444
305000 -477469
305100 -477493
305200 -477511
305300 -477534
305400 -477550
305500 -477558
305600 -477571
305700 -477593
305800 -477626
305900 -477647
306000 -477671
306100 -477695
306200 -477724
306300 -477750
306400 -477781
306500 -477804
306600 -477814
306700 -477831
306800 -477850
306900 -477875
307000 -477878
307100 -477905
307200 -477930
307300 -477962
307400 -477979
307500 -478009
307600 -478033
307700 -478049
307800 -478080
307900 -478114
308000 -478124
308100 -478144
308200 -478152
308300 -478172
308400 -478192
308500 -478232
308600 -478255
308700 -478283
308800 -478314
308900 -478348
309000 -478372
309100 -478388
309200 -478404
309300 -478434
309400 -478480
309500 -478503
309600 -478536
309700 -478566
309800 -478588
309900 -478605
310000 -478624
310100 -478645
310200 -478677
310300 -478702
310400 -478708
310500 -478729
310600 -478756
310700 -478772
310800 -478792
310900 -478816
311000 -478834
311100 -478880
311200 -478898
311300 -478931
311400 -478957
311500 -478980
311600 -478989
311700 -479013
311800 -479029
311900 -479030
312000 -479051
312100 -479058
312200 -479080
312300 -479107
312400 -479155
312500 -479159
312600 -479173
312700 -479192
312800 -479226
312900 -479242
313000 -479260
313100 -479275
313200 -479295
313300 -479308
313400 -479345
313500 -479379
313600 -479414
313700 -479447
313800 -479453
313900 -479483
314000 -479504
314100 -479526
314200 -479550
314300 -479561
314400 -479582
314500 -479601
314600 -479614
314700 -479641
314800 -479649
314900 -479688
315000 -479720
315100 -479738
315200 -479750
315300 -479772
315400 -479811
315500 -479832
315600 -479834
315700 -479870
315800 -479884
315900 -479882
316000 -479919
316100 -479933
316200 -479955
316300 -479973
316400 -480001
316500 -480049
316600 -480073
316700 -480088
316800 -480093
316900 -480111
317000 -480125
317100 -480143
317200 -480184
317300 -480199
317400 -480219
317500 -480221
317600 -480260
317700 -480277
317800 -480303
317900 -480333
318000 -480371
318100 -480383
318200 -480405
318300 -480422
318400 -480444
318500 -480473
318600 -480485
318700 -480505
318800 -480531
318900 -480542
319000 -480569
319100 -480590
319200 -480620
319300 -480645
319400 -480692
319500 -480738
319600 -480772
319700 -480781
319800 -480812
319900 -480831
320000 -480837
320100 -480854
320200 -480871
320300 -480896
320400 -480912
320500 -480949
320600 -480982
320700 -481006
320800 -481023
320900 -481048
321000 -481069
321100 -481076
321200 -481086
321300 -481109
321400 -481124
321500 -481145
321600 -481158
321700 -481167
321800 -481193
321900 -481219
322000 -481244
322100 -481267
322200 -481296
322300 -481304
322400 -481319
322500 -481336
322600 -481362
322700 -481362
322800 -481361
322900 -481397
323000 -481429
323100 -481449
323200 -481466
323300 -481503
323400 -481521
323500 -481560
323600 -481581
323700 -481605
323800 -481616
323900 -481654
324000 -481691
324100 -481714
324200 -481732
324300 -481759
324400 -481785
324500 -481814
324600 -481838
324700 -481850
324800 -481878
324900 -481888
325000 -481902
325100 -481921
325200 -481946
325300 -481975
325400 -481983
325500 -482002
325600 -482023
325700 -482050
325800 -482064
325900 -482070
326000 -482081
326100 -482101
326200 -482132
326300 -482160
326400 -482181
326500 -482195
326600 -482217
326700 -482250
326800 -482260
326900 -482286
327000 -482322
327100 -482344
327200 -482368
327300 -482395
327400 -482400
327500 -482427
327600 -482445
327700 -482456
327800 -482484
327900 -482517
328000 -482532
328100 -482545
328200 -482563
328300 -482581
328400 -482587
328500 -482613
328600 -482630
328700 -482652
328800 -482685
328900 -482699
329000 -482730
329100 -482742
329200 -482760
329300 -482782
329400 -482809
329500 -482845
329600 -482866
329700 -482905
329800 -482924
329900 -482947
330000 -482974
330100 -482990
330200 -483018
330300 -483034
330400 -483094
330500 -483116
330600 -483134
330700 -483148
330800 -483167
330900 -483192
331000 -483205
331100 -483231
331200 -483248
331300 -483281
331400 -483306
331500 -483337
331600 -483359
331700 -483396
331800 -483417
331900 -483443
332000 -483460
332100 -483488
332200 -483503
332300 -483532
332400 -483552
332500 -483588
332600 -483606
332700 -483620
332800 -483627
332900 -483649
333000 -483668
333100 -483694
333200 -483734
333300 -483755
333400 -483786
333500 -483801
333600 -483806
333700 -483809
333800 -483839
333900 -483863
334000 -483881
334100 -483919
334200 -483941
334300 -483958
334400 -483961
334500 -483976
334600 -484007
334700 -484022
334800 -484040
334900 -484058
335000 -484104
335100 -484127
335200 -484147
335300 -484162
335400 -484175
335500 -484193
335600 -484214
335700 -484230
335800 -484252
335900 -484268
336000 -484284
336100 -484319
336200 -484347
336300 -484383
336400 -484413
336500 -484437
336600 -484442
336700 -484454
336800 -484464
336900 -484491
337000 -484504
337100 -484525
337200 -484560
337300 -484593
337400 -484622
337500 -484639
337600 -484665
337700 -484676
337800 -484700
337900 -484725
338000 -484730
338100 -484738
338200 -484751
338300 -484782
338400 -484802
338500 -484820
338600 -484838
338700 -484859
338800 -484885
338900 -484907
339000 -484952
339100 -484973
339200 -485013
339300 -485025
339400 -485043
339500 -485070
339600 -485085
339700 -485116
339800 -485133
339900 -485159
340000 -485171
340100 -485182
340200 -485191
340300 -485217
340400 -485226
340500 -485263
340600 -485286
340700 -485299
340800 -485310
340900 -485346
341000 -485371
341100 -485401
341200 -485425
341300 -485447
341400 -485471
341500 -485487
341600 -485496
341700 -485517
341800 -485527
341900 -485550
342000 -485580
342100 -485593
342200 -485625
342300 -485649
342400 -485664
342500 -485680
342600 -485716
342700 -485728
342800 -485741
342900 -485757
343000 -485763
343100 -485781
343200 -485807
343300 -485821
343400 -485836
343500 -485860
343600 -485899
343700 -485926
343800 -485949
343900 -485964
344000 -485977
344100 -485993
344200 -486019
344300 -486048
344400 -486088
344500 -486118
344600 -486132
344700 -486153
344800 -486184
344900 -486206
345000 -486221
345100 -486244
345200 -486262
345300 -486283
345400 -486301
345500 -486331
345600 -486357
345700 -486368
345800 -486399
345900 -486418
346000 -486421
346100 -486426
346200 -486440
346300 -486470
346400 -486468
346500 -486497
346600 -486508
346700 -486528
346800 -486552
346900 -486569
347000 -486584
347100 -486599
347200 -486609
347300 -486620
347400 -486652
347500 -486675
347600 -486687
347700 -486712
347800 -486729
347900 -486750
348000 -486764
348100 -486799
348200 -486812
348300 -486844
348400 -486867
348500 -486904
348600 -486924
348700 -486940
348800 -486961
348900 -486989
349000 -487011
349100 -487032
349200 -487061
349300 -487087
349400 -487099
349500 -487124
349600 -487134
349700 -487159
349800 -487193
349900 -487205
350000 -487216
350100 -487250
350200 -487267
350300 -487289
350400 -487309
350500 -487341
350600 -487354
350700 -487360
350800 -487377
350900 -487393
351000 -487401
351100 -487429
351200 -487444
351300 -487457
351400 -487483
351500 -487493
351600 -487516
351700 -487540
351800 -487582
351900 -487592
352000 -487601
352100 -487636
352200 -487655
352300 -487674
352400 -487682
352500 -487708
352600 -487738
352700 -487760
352800 -487777
352900 -487807
353000 -487819
353100 -487842
353200 -487852
353300 -487864
353400 -487887
353500 -487910
353600 -487928
353700 -487939
353800 -487959
353900 -487965
354000 -487985
354100 -488007
354200 -488024
354300 -488044
354400 -488065
354500 -488085
354600 -488107
354700 -488127
354800 -488140
354900 -488171
355000 -488191
355100 -488216
355200 -488224
355300 -488237
355400 -488243
355500 -488252
355600 -488264
355700 -488270
355800 -488287
355900 -488314
356000 -488342
356100 -488355
356200 -488370
356300 -488385
356400 -488399
356500 -488420
356600 -488428
356700 -488456
356800 -488477
356900 -488504
357000 -488516
357100 -488530
357200 -488550
357300 -488578
357400 -488608
357500 -488627
357600 -488654
357700 -488661
357800 -488673
357900 -488678
358000 -488686
358100 -488710
358200 -488723
358300 -488725
358400 -488749
358500 -488772
358600 -488801
358700 -488808
358800 -488834
358900 -488848
359000 -488862
359100 -488888
359200 -488899
359300 -488921
359400 -488938
359500 -488964
359600 -488987
359700 -489003
359800 -489026
359900 -489071
360000 -489094
360100 -489109
360200 -489141
360300 -489154
360400 -489160
360500 -489174
360600 -489185
360700 -489202
360800 -489210
360900 -489228
361000 -489240
361100 -489261
361200 -489285
361300 -489303
361400 -489307
361500 -489328
361600 -489343
361700 -489370
361800 -489382
361900 -489389
362000 -489391
362100 -489408
362200 -489412
362300 -489421
362400 -489440
362500 -489472
362600 -489489
362700 -489498
362800 -489524
362900 -489550
363000 -489559
363100 -489572
363200 -489596
363300 -489608
363400 -489626
363500 -489655
363600 -489679
363700 -489687
363800 -489703
363900 -489723
364000 -489736
364100 -489752
364200 -489761
364300 -489777
364400 -489788
364500 -489800
364600 -489807
364700 -489806
364800 -489832
364900 -489856
365000 -489870
365100 -489890
365200 -489905
365300 -489926
365400 -489951
365500 -489978
365600 -489982
365700 -489996
365800 -490030
365900 -490046
366000 -490059
366100 -490068
366200 -490076
366300 -490091
366400 -490112
366500 -490138
366600 -490150
366700 -490164
366800 -490189
366900 -490208
367000 -490218
367100 -490239
367200 -490267
367300 -490283
367400 -490295
367500 -490306
367600 -490340
367700 -490355
367800 -490378
367900 -490410
368000 -490426
368100 -490445
368200 -490464
368300 -490491
368400 -490512
368500 -490528
368600 -490551
368700 -490561
368800 -490579
368900 -490589
369000 -490596
369100 -490608
369200 -490662
369300 -490667
369400 -490665
369500 -490700
369600 -490735
369700 -490755
369800 -490771
369900 -490783
370000 -490801
370100 -490836
370200 -490850
370300 -490855
370400 -490866
370500 -490900
370600 -490912
370700 -490926
370800 -490952
370900 -490979
371000 -491006
371100 -491020
371200 -491056
371300 -491075
371400 -491100
371500 -491124
371600 -491143
371700 -491174
371800 -491194
371900 -491198
372000 -491225
372100 -491238
372200 -491250
372300 -491279
372400 -491291
372500 -491316
372600 -491328
372700 -491336
372800 -491364
372900 -491367
373000 -491378
373100 -491393
373200 -491430
373300 -491439
373400 -491449
373500 -491460
373600 -491469
373700 -491482
373800 -491494
373900 -491506
374000 -491519
374100 -491553
374200 -491579
374300 -491589
374400 -491616
374500 -491640
374600 -491662
374700 -491679
374800 -491723
374900 -491745
375000 -491769
375100 -491789
375200 -491816
375300 -491822
375400 -491849
375500 -491858
375600 -491873
375700 -491869
375800 -491883
375900 -491920
376000 -491927
376100 -491945
376200 -491961
376300 -491985
376400 -492002
376500 -492020
376600 -492048
376700 -492072
376800 -492091
376900 -492122
377000 -492134
377100 -492154
377200 -492185
377300 -492201
377400 -492226
377500 -492241
377600 -492280
377700 -492303
377800 -492339
377900 -492344
378000 -492363
378100 -492372
378200 -492385
378300 -492398
378400 -492411
378500 -492439
378600 -492466
378700 -492479
378800 -492499
378900 -492512
379000 -492537
379100 -492565
379200 -492579
379300 -492586
379400 -492588
379500 -492599
379600 -492611
379700 -492618
379800 -492649
379900 -492657
380000 -492664
380100 -492695
380200 -492701
380300 -492726
380400 -492737
380500 -492752
380600 -492760
380700 -492780
380800 -492807
380900 -492839
381000 -492864
381100 -492885
381200 -492894
381300 -492911
381400 -492930
381500 -492966
381600 -492977
381700 -492989
381800 -492998
381900 -493022
382000 -493054
382100 -493080
382200 -493086
382300 -493095
382400 -493108
382500 -493119
382600 -493146
382700 -493154
382800 -493182
382900 -493202
383000 -493223
383100 -493227
383200 -493233
383300 -493243
383400 -493264
383500 -493285
383600 -493314
383700 -493330
383800 -493343
383900 -493370
384000 -493377
384100 -493393
384200 -493402
384300 -493429
384400 -493445
384500 -493478
384600 -493493
384700 -493525
384800 -493556
384900 -493577
385000 -493589
385100 -493628
385200 -493636
385300 -493657
385400 -493675
385500 -493689
385600 -493702
385700 -493706
385800 -493726
385900 -493767
386000 -493798
386100 -493814
386200 -493821
386300 -493844
386400 -493855
386500 -493866
386600 -493893
386700 -493910
386800 -493931
386900 -493947
387000 -493967
387100 -493997
387200 -494035
387300 -494053
387400 -494062
387500 -494068
387600 -494077
387700 -494116
387800 -494138
387900 -494141
388000 -494169
388100 -494200
388200 -494223
388300 -494245
388400 -494259
388500 -494272
388600 -494285
388700 -494296
388800 -494325
388900 -494346
389000 -494358
389100 -494367
389200 -494384
389300 -494400
389400 -494410
389500 -494424
389600 -494439
389700 -494433
389800 -494471
389900 -494482
390000 -494506
390100 -494506
390200 -494520
390300 -494541
390400 -494584
390500 -494612
390600 -494630
390700 -494650
390800 -494686
390900 -494697
391000 -494723
391100 -494723
391200 -494737
391300 -494750
391400 -494764
391500 -494772
391600 -494789
391700 -494804
391800 -494832
391900 -494864
392000 -494874
392100 -494893
392200 -494898
392300 -494909
392400 -494927
392500 -494938
392600 -494957
392700 -494964
392800 -494989
392900 -495018
393000 -495037
393100 -495048
393200 -495073
393300 -495084
393400 -495098
393500 -495110
393600 -495120
393700 -495141
393800 -495155
393900 -495179
394000 -495191
394100 -495207
394200 -495224
394300 -495241
394400 -495275
394500 -495306
394600 -495320
394700 -495340
394800 -495342
394900 -495368
395000 -495378
395100 -495379
395200 -495405
395300 -495421
395400 -495438
395500 -495459
395600 -495488
395700 -495515
395800 -495538
395900 -495560
396000 -495584
396100 -495601
396200 -495614
396300 -495646
396400 -495659
396500 -495681
396600 -495699
396700 -495707
396800 -495721
396900 -495732
397000 -495752
397100 -495763
397200 -495771
397300 -495804
397400 -495825
397500 -495844
397600 -495870
397700 -495885
397800 -495901
397900 -495913
398000 -495931
398100 -495959
398200 -495971
398300 -495988
398400 -495995
398500 -496012
398600 -496046
398700 -496072
398800 -496080
398900 -496096
399000 -496107
399100 -496107
399200 -496115
399300 -496119
399400 -496132
399500 -496164
399600 -496179
399700 -496192
399800 -496213
399900 -496224
