0 473328
100 473305
200 473226
300 473161
400 473081
500 472974
600 472922
700 472763
800 472697
900 472590
1000 472543
1100 472482
1200 472427
1300 472366
1400 472247
1500 472158
1600 472076
1700 471947
1800 471888
1900 471839
2000 471791
2100 471735
2200 471635
2300 471596
2400 471543
2500 471421
2600 471323
2700 471253
2800 471118
2900 470989
3000 470902
3100 470788
3200 470696
3300 470581
3400 470473
3500 470396
3600 470273
3700 470214
3800 470143
3900 470018
4000 469954
4100 469882
4200 469866
4300 469768
4400 469692
4500 469578
4600 469497
4700 469358
4800 469282
4900 469117
5000 469033
5100 468922
5200 468770
5300 468668
5400 468562
5500 468420
5600 468313
5700 468176
5800 468108
5900 468035
6000 467921
6100 467786
6200 467707
6300 467568
6400 467408
6500 467302
6600 467127
6700 467005
6800 466885
6900 466710
7000 466605
7100 466475
7200 466279
7300 466105
7400 465959
7500 465855
7600 465744
7700 465615
7800 465493
7900 465437
8000 465355
8100 465267
8200 465087
8300 465002
8400 464871
8500 464793
8600 464655
8700 464573
8800 464470
8900 464285
9000 464155
9100 464004
9200 463876
9300 463704
9400 463550
9500 463437
9600 463272
9700 463179
9800 463018
9900 462885
10000 462793
10100 462714
10200 462609
10300 462482
10400 462350
10500 462259
10600 462122
10700 462008
10800 461844
10900 461677
11000 461521
11100 461376
11200 461231
11300 461065
11400 460994
11500 460802
11600 460753
11700 460667
11800 460491
11900 460355
12000 460225
12100 460127
12200 459941
12300 459787
12400 459686
12500 459531
12600 459411
12700 459301
12800 459159
12900 458994
13000 458819
13100 458673
13200 458502
13300 458330
13400 458207
13500 458082
13600 457939
13700 457819
13800 457697
13900 457462
14000 457287
14100 457135
14200 457008
14300 456867
14400 456774
14500 456628
14600 456498
14700 456359
14800 456203
14900 456051
15000 455852
15100 455713
15200 455535
15300 455405
15400 455285
15500 455118
15600 454965
15700 454817
15800 454719
15900 454593
16000 454459
16100 454366
16200 454265
16300 454188
16400 454091
16500 453900
16600 453713
16700 453518
16800 453339
16900 453170
17000 453046
17100 452935
17200 452762
17300 452689
17400 452551
17500 452408
17600 452276
17700 452194
17800 452012
17900 451880
18000 451719
18100 451529
18200 451440
18300 451341
18400 451152
18500 450966
18600 450865
18700 450708
18800 450569
18900 450414
19000 450226
19100 450070
19200 449831
19300 449624
19400 449495
19500 449313
19600 449214
19700 449078
19800 448927
19900 448830
20000 448714
20100 448578
20200 448478
20300 448306
20400 448210
20500 448045
20600 447911
20700 447793
20800 447668
20900 447597
21000 447477
21100 447305
21200 447186
21300 447065
21400 446913
21500 446826
21600 446648
21700 446540
21800 446444
21900 446313
22000 446180
22100 446071
22200 445960
22300 445786
22400 445656
22500 445520
22600 445410
22700 445233
22800 445119
22900 444910
23000 444780
23100 444686
23200 444560
23300 444422
23400 444292
23500 444164
23600 443987
23700 443789
23800 443700
23900 443575
24000 443399
24100 443271
24200 443159
24300 443044
24400 442889
24500 442763
24600 442603
24700 442450
24800 442362
24900 442218
25000 442156
25100 442000
25200 441895
25300 441723
25400 441538
25500 441452
25600 441350
25700 441255
25800 441105
25900 440995
26000 440843
26100 440737
26200 440686
26300 440567
26400 440395
26500 440265
26600 440126
26700 439971
26800 439807
26900 439701
27000 439554
27100 439462
27200 439317
27300 439158
27400 439041
27500 438897
27600 438791
27700 438701
27800 438553
27900 438396
28000 438217
28100 438091
28200 437991
28300 437866
28400 437769
28500 437638
28600 437529
28700 437449
28800 437378
28900 437290
29000 437117
29100 436973
29200 436814
29300 436720
29400 436571
29500 436452
29600 436375
29700 436227
29800 436104
29900 435994
30000 435860
30100 435753
30200 435596
30300 435486
30400 435291
30500 435100
30600 434981
30700 434861
30800 434717
30900 434606
31000 434495
31100 434384
31200 434292
31300 434140
31400 434045
31500 433900
31600 433741
31700 433652
31800 433545
31900 433445
32000 433200
32100 433085
32200 432919
32300 432799
32400 432710
32500 432552
32600 432479
32700 432380
32800 432261
32900 432151
33000 431995
33100 431873
33200 431743
33300 431630
33400 431517
33500 431382
33600 431239
33700 431169
33800 431098
33900 431012
34000 430896
34100 430773
34200 430621
34300 430526
34400 430468
34500 430331
34600 430266
34700 430176
34800 430014
34900 429883
35000 429740
35100 429630
35200 429463
35300 429380
35400 429347
35500 429204
35600 429065
35700 428945
35800 428826
35900 428761
36000 428668
36100 428557
36200 428474
36300 428345
36400 428188
36500 428103
36600 427994
36700 427895
36800 427819
36900 427692
37000 427555
37100 427469
37200 427370
37300 427220
37400 427058
37500 426935
37600 426819
37700 426674
37800 426546
37900 426421
38000 426308
38100 426192
38200 426059
38300 425952
38400 425806
38500 425602
38600 425539
38700 425400
38800 425267
38900 425111
39000 424978
39100 424872
39200 424761
39300 424612
39400 424409
39500 424279
39600 424181
39700 424042
39800 423944
39900 423838
40000 423719
40100 423620
40200 423479
40300 423398
40400 423261
40500 423103
40600 422988
40700 422871
40800 422692
40900 422581
41000 422459
41100 422364
41200 422200
41300 422049
41400 421879
41500 421739
41600 421663
41700 421497
41800 421387
41900 421288
42000 421239
42100 421099
42200 420964
42300 420817
42400 420712
42500 420670
42600 420549
42700 420375
42800 420298
42900 420151
43000 420026
43100 419919
43200 419821
43300 419707
43400 419638
43500 419537
43600 419411
43700 419313
43800 419145
43900 419063
44000 418933
44100 418795
44200 418726
44300 418584
44400 418449
44500 418387
44600 418329
44700 418190
44800 418114
44900 417961
45000 417890
45100 417795
45200 417676
45300 417592
45400 417448
45500 417381
45600 417256
45700 417076
45800 416955
45900 416764
46000 416653
46100 416513
46200 416399
46300 416334
46400 416276
46500 416163
46600 416052
46700 415935
46800 415811
46900 415663
47000 415519
47100 415362
47200 415253
47300 415127
47400 414978
47500 414861
47600 414745
47700 414598
47800 414510
47900 414450
48000 414286
48100 414177
48200 414070
48300 413958
48400 413895
48500 413770
48600 413664
48700 413535
48800 413390
48900 413342
49000 413217
49100 413093
49200 412960
49300 412810
49400 412633
49500 412487
49600 412345
49700 412230
49800 412156
49900 412024
50000 411897
50100 411751
50200 411655
50300 411529
50400 411422
50500 411312
50600 411189
50700 411122
50800 410992
50900 410835
51000 410727
51100 410621
51200 410490
51300 410434
51400 410307
51500 410231
51600 410111
51700 409976
51800 409844
51900 409712
52000 409619
52100 409523
52200 409434
52300 409319
52400 409214
52500 409131
52600 408984
52700 408880
52800 408778
52900 408644
53000 408548
53100 408336
53200 408227
53300 408132
53400 407967
53500 407886
53600 407728
53700 407621
53800 407530
53900 407448
54000 407348
54100 407245
54200 407164
54300 407047
54400 406956
54500 406824
54600 406720
54700 406629
54800 406581
54900 406439
55000 406337
55100 406215
55200 406137
55300 406032
55400 405898
55500 405822
55600 405719
55700 405552
55800 405471
55900 405350
56000 405261
56100 405184
56200 405068
56300 404952
56400 404873
56500 404771
56600 404707
56700 404587
56800 404488
56900 404413
57000 404364
57100 404263
57200 404165
57300 404099
57400 404006
57500 403951
57600 403830
57700 403736
57800 403585
57900 403399
58000 403288
58100 403113
58200 403029
58300 402895
58400 402741
58500 402637
58600 402516
58700 402408
58800 402268
58900 402220
59000 402069
59100 401953
59200 401820
59300 401720
59400 401640
59500 401550
59600 401440
59700 401284
59800 401160
59900 401068
60000 400939
60100 400890
60200 400810
60300 400685
60400 400591
60500 400477
60600 400367
60700 400293
60800 400204
60900 400096
61000 399999
61100 399897
61200 399793
61300 399718
61400 399660
61500 399531
61600 399454
61700 399351
61800 399258
61900 399141
62000 399092
62100 399032
62200 398898
62300 398726
62400 398603
62500 398517
62600 398437
62700 398327
62800 398261
62900 398181
63000 398060
63100 397963
63200 397837
63300 397716
63400 397553
63500 397446
63600 397357
63700 397168
63800 397071
63900 396977
64000 396891
64100 396777
64200 396671
64300 396553
64400 396464
64500 396412
64600 396332
64700 396252
64800 396112
64900 396004
65000 395977
65100 395893
65200 395782
65300 395665
65400 395580
65500 395519
65600 395416
65700 395298
65800 395261
65900 395131
66000 395051
66100 394958
66200 394830
66300 394712
66400 394617
66500 394510
66600 394415
66700 394366
66800 394294
66900 394240
67000 394106
67100 393940
67200 393789
67300 393664
67400 393543
67500 393410
67600 393328
67700 393227
67800 393150
67900 393011
68000 392919
68100 392787
68200 392664
68300 392531
68400 392493
68500 392395
68600 392317
68700 392194
68800 392101
68900 392008
69000 391908
69100 391831
69200 391757
69300 391708
69400 391632
69500 391531
69600 391455
69700 391387
69800 391311
69900 391198
70000 391115
70100 391023
70200 390945
70300 390807
70400 390720
70500 390647
70600 390541
70700 390447
70800 390319
70900 390261
71000 390094
71100 390047
71200 389950
71300 389868
71400 389805
71500 389699
71600 389582
71700 389482
71800 389349
71900 389259
72000 389151
72100 389045
72200 388907
72300 388846
72400 388754
72500 388666
72600 388595
72700 388497
72800 388416
72900 388294
73000 388204
73100 388106
73200 387951
73300 387828
73400 387763
73500 387628
73600 387531
73700 387463
73800 387382
73900 387302
74000 387270
74100 387135
74200 387091
74300 386971
74400 386801
74500 386712
74600 386649
74700 386542
74800 386467
74900 386364
75000 386266
75100 386137
75200 386071
75300 385925
75400 385885
75500 385799
75600 385714
75700 385588
75800 385536
75900 385430
76000 385328
76100 385198
76200 385099
76300 385007
76400 384902
76500 384827
76600 384776
76700 384721
76800 384614
76900 384531
77000 384422
77100 384304
77200 384153
77300 384087
77400 384024
77500 383922
77600 383837
77700 383741
77800 383655
77900 383585
78000 383463
78100 383325
78200 383221
78300 383180
78400 383123
78500 383056
78600 382946
78700 382835
78800 382748
78900 382652
79000 382536
79100 382464
79200 382353
79300 382269
79400 382177
79500 382046
79600 381907
79700 381793
79800 381688
79900 381546
80000 381468
80100 381366
80200 381338
80300 381215
80400 381106
80500 381045
80600 380963
80700 380867
80800 380700
80900 380577
81000 380478
81100 380369
81200 380276
81300 380220
81400 380163
81500 380034
81600 379967
81700 379919
81800 379853
81900 379798
82000 379670
82100 379575
82200 379454
82300 379374
82400 379288
82500 379177
82600 379154
82700 379053
82800 379018
82900 378900
83000 378828
83100 378756
83200 378653
83300 378512
83400 378411
83500 378232
83600 378145
83700 378062
83800 377984
83900 377916
84000 377876
84100 377766
84200 377647
84300 377538
84400 377473
84500 377454
84600 377354
84700 377297
84800 377237
84900 377140
85000 377059
85100 376960
85200 376863
85300 376758
85400 376680
85500 376540
85600 376475
85700 376424
85800 376336
85900 376269
86000 376205
86100 376121
86200 375986
86300 375886
86400 375830
86500 375731
86600 375625
86700 375574
86800 375496
86900 375401
87000 375317
87100 375248
87200 375249
87300 375154
87400 375089
87500 375021
87600 374917
87700 374798
87800 374758
87900 374637
88000 374551
88100 374446
88200 374285
88300 374216
88400 374162
88500 374036
88600 373897
88700 373873
88800 373765
88900 373668
89000 373594
89100 373498
89200 373413
89300 373367
89400 373272
89500 373171
89600 373103
89700 372991
89800 372953
89900 372891
90000 372776
90100 372685
90200 372532
90300 372470
90400 372394
90500 372349
90600 372287
90700 372207
90800 372121
90900 372054
91000 371979
91100 371924
91200 371877
91300 371734
91400 371658
91500 371548
91600 371449
91700 371383
91800 371292
91900 371178
92000 371073
92100 370991
92200 370946
92300 370839
92400 370760
92500 370688
92600 370583
92700 370466
92800 370392
92900 370297
93000 370195
93100 370095
93200 369960
93300 369875
93400 369772
93500 369705
93600 369614
93700 369553
93800 369481
93900 369378
94000 369325
94100 369232
94200 369190
94300 369110
94400 369024
94500 368934
94600 368862
94700 368780
94800 368707
94900 368552
95000 368430
95100 368356
95200 368231
95300 368193
95400 368126
95500 368027
95600 367913
95700 367827
95800 367763
95900 367665
96000 367559
96100 367492
96200 367408
96300 367344
96400 367292
96500 367159
96600 367062
96700 366970
96800 366840
96900 366782
97000 366626
97100 366567
97200 366423
97300 366346
97400 366288
97500 366237
97600 366176
97700 366113
97800 366015
97900 365880
98000 365785
98100 365719
98200 365599
98300 365513
98400 365400
98500 365274
98600 365202
98700 365139
98800 365022
98900 364952
99000 364893
99100 364830
99200 364766
99300 364637
99400 364529
99500 364460
99600 364395
99700 364332
99800 364258
99900 364169
100000 364073
100100 363994
100200 363886
100300 363819
100400 363768
100500 363721
100600 363638
100700 363562
100800 363442
100900 363357
101000 363287
101100 363190
101200 363103
101300 362971
101400 362915
101500 362832
101600 362757
101700 362725
101800 362633
101900 362603
102000 362545
102100 362474
102200 362354
102300 362311
102400 362189
102500 362139
102600 362014
102700 361915
102800 361804
102900 361674
103000 361625
103100 361562
103200 361494
103300 361457
103400 361339
103500 361204
103600 361131
103700 361023
103800 360906
103900 360791
104000 360716
104100 360666
104200 360613
104300 360532
104400 360415
104500 360327
104600 360271
104700 360165
104800 360073
104900 360028
105000 359949
105100 359878
105200 359823
105300 359712
105400 359625
105500 359507
105600 359454
105700 359349
105800 359259
105900 359163
106000 359074
106100 358968
106200 358860
106300 358800
106400 358706
106500 358586
106600 358550
106700 358496
106800 358400
106900 358330
107000 358264
107100 358176
107200 358063
107300 357969
107400 357853
107500 357811
107600 357752
107700 357673
107800 357527
107900 357475
108000 357378
108100 357288
108200 357184
108300 357078
108400 356960
108500 356871
108600 356782
108700 356680
108800 356613
108900 356496
109000 356435
109100 356274
109200 356205
109300 356124
109400 356032
109500 355927
109600 355853
109700 355828
109800 355764
109900 355728
110000 355640
110100 355573
110200 355506
110300 355430
110400 355343
110500 355235
110600 355196
110700 355128
110800 355046
110900 354956
111000 354881
111100 354767
111200 354676
111300 354590
111400 354561
111500 354445
111600 354370
111700 354275
111800 354204
111900 354147
112000 354065
112100 353983
112200 353879
112300 353803
112400 353714
112500 353638
112600 353553
112700 353511
112800 353458
112900 353385
113000 353324
113100 353230
113200 353102
113300 353053
113400 352976
113500 352897
113600 352799
113700 352761
113800 352674
113900 352616
114000 352537
114100 352464
114200 352384
114300 352330
114400 352214
114500 352183
114600 352156
114700 352051
114800 351966
114900 351893
115000 351858
115100 351792
115200 351712
115300 351682
115400 351584
115500 351445
115600 351372
115700 351279
115800 351204
115900 351166
116000 351073
116100 351004
116200 350901
116300 350855
116400 350794
116500 350719
116600 350630
116700 350515
116800 350446
116900 350334
117000 350262
117100 350177
117200 350065
117300 349974
117400 349844
117500 349831
117600 349805
117700 349720
117800 349612
117900 349520
118000 349437
118100 349364
118200 349297
118300 349251
118400 349168
118500 349113
118600 349024
118700 348948
118800 348877
118900 348795
119000 348747
119100 348682
119200 348579
119300 348545
119400 348477
119500 348347
119600 348313
119700 348249
119800 348194
119900 348127
120000 348018
120100 347960
120200 347889
120300 347809
120400 347700
120500 347659
120600 347599
120700 347527
120800 347387
120900 347271
121000 347163
121100 347089
121200 347037
121300 346954
121400 346835
121500 346764
121600 346686
121700 346624
121800 346577
121900 346506
122000 346435
122100 346354
122200 346328
122300 346229
122400 346177
122500 346140
122600 346088
122700 346043
122800 345964
122900 345898
123000 345839
123100 345723
123200 345663
123300 345598
123400 345578
123500 345523
123600 345511
123700 345392
123800 345352
123900 345308
124000 345217
124100 345086
124200 345021
124300 344929
124400 344861
124500 344800
124600 344714
124700 344646
124800 344487
124900 344416
125000 344317
125100 344217
125200 344153
125300 344081
125400 344044
125500 343955
125600 343923
125700 343848
125800 343823
125900 343741
126000 343671
126100 343559
126200 343403
126300 343304
126400 343213
126500 343111
126600 343028
126700 342968
126800 342899
126900 342831
127000 342779
127100 342678
127200 342582
127300 342548
127400 342436
127500 342348
127600 342259
127700 342150
127800 342067
127900 341981
128000 341869
128100 341774
128200 341717
128300 341579
128400 341490
128500 341397
128600 341275
128700 341207
128800 341135
128900 341022
129000 340943
129100 340882
129200 340763
129300 340693
129400 340646
129500 340595
129600 340517
129700 340401
129800 340331
129900 340226
130000 340128
130100 340063
130200 339977
130300 339850
130400 339767
130500 339716
130600 339619
130700 339445
130800 339412
130900 339341
131000 339282
131100 339183
131200 339074
131300 338959
131400 338866
131500 338800
131600 338710
131700 338631
131800 338574
131900 338502
132000 338456
132100 338399
132200 338346
132300 338258
132400 338161
132500 338059
132600 337957
132700 337891
132800 337824
132900 337728
133000 337635
133100 337554
133200 337529
133300 337455
133400 337400
133500 337336
133600 337235
133700 337178
133800 337086
133900 337032
134000 336948
134100 336866
134200 336805
134300 336687
134400 336615
134500 336555
134600 336518
134700 336421
134800 336384
134900 336299
135000 336224
135100 336091
135200 335986
135300 335920
135400 335885
135500 335785
135600 335758
135700 335718
135800 335615
135900 335568
136000 335483
136100 335389
136200 335308
136300 335240
136400 335191
136500 335148
136600 335065
136700 335016
136800 334924
136900 334882
137000 334856
137100 334722
137200 334639
137300 334562
137400 334520
137500 334468
137600 334417
137700 334331
137800 334256
137900 334180
138000 334130
138100 334027
138200 333939
138300 333882
138400 333839
138500 333746
138600 333668
138700 333570
138800 333488
138900 333422
139000 333348
139100 333282
139200 333202
139300 333185
139400 333100
139500 333019
139600 332903
139700 332868
139800 332786
139900 332735
140000 332670
140100 332602
140200 332582
140300 332512
140400 332475
140500 332386
140600 332306
140700 332194
140800 332131
140900 332075
141000 332013
141100 331964
141200 331914
141300 331847
141400 331745
141500 331676
141600 331576
141700 331525
141800 331442
141900 331343
142000 331294
142100 331236
142200 331246
142300 331196
142400 331178
142500 331136
142600 331048
142700 330954
142800 330867
142900 330795
143000 330739
143100 330663
143200 330599
143300 330534
143400 330468
143500 330429
143600 330347
143700 330259
143800 330159
143900 330107
144000 330050
144100 329990
144200 329927
144300 329901
144400 329834
144500 329745
144600 329705
144700 329653
144800 329578
144900 329475
145000 329394
145100 329314
145200 329206
145300 329100
145400 329003
145500 328915
145600 328854
145700 328791
145800 328657
145900 328571
146000 328556
146100 328480
146200 328416
146300 328352
146400 328243
146500 328116
146600 328088
146700 328046
146800 327981
146900 327905
147000 327813
147100 327746
147200 327624
147300 327567
147400 327528
147500 327455
147600 327405
147700 327274
147800 327223
147900 327149
148000 327055
148100 327006
148200 326958
148300 326916
148400 326818
148500 326754
148600 326666
148700 326627
148800 326556
148900 326477
149000 326400
149100 326347
149200 326263
149300 326232
149400 326171
149500 326107
149600 326046
149700 325960
149800 325861
149900 325794
150000 325731
150100 325641
150200 325611
150300 325520
150400 325458
150500 325417
150600 325273
150700 325191
150800 325109
150900 325027
151000 324915
151100 324896
151200 324810
151300 324739
151400 324648
151500 324606
151600 324497
151700 324432
151800 324366
151900 324296
152000 324224
152100 324179
152200 324079
152300 324027
152400 324029
152500 323957
152600 323873
152700 323785
152800 323706
152900 323618
153000 323550
153100 323467
153200 323412
153300 323363
153400 323344
153500 323275
153600 323215
153700 323123
153800 323084
153900 323037
154000 322946
154100 322899
154200 322857
154300 322750
154400 322710
154500 322619
154600 322516
154700 322439
154800 322326
154900 322220
155000 322161
155100 322126
155200 322062
155300 322003
155400 321933
155500 321827
155600 321750
155700 321662
155800 321631
155900 321550
156000 321515
156100 321476
156200 321398
156300 321280
156400 321239
156500 321171
156600 321106
156700 321042
156800 320964
156900 320895
157000 320810
157100 320707
157200 320639
157300 320569
157400 320511
157500 320426
157600 320367
157700 320292
157800 320213
157900 320160
158000 320103
158100 320039
158200 319991
158300 319969
158400 319884
158500 319792
158600 319714
158700 319635
158800 319587
158900 319533
159000 319496
159100 319436
159200 319328
159300 319281
159400 319206
159500 319107
159600 319052
159700 318998
159800 318942
159900 318850
160000 318813
160100 318761
160200 318669
160300 318616
160400 318549
160500 318523
160600 318419
160700 318380
160800 318345
160900 318323
161000 318204
161100 318113
161200 318062
161300 317949
161400 317868
161500 317803
161600 317725
161700 317692
161800 317672
161900 317591
162000 317458
162100 317354
162200 317309
162300 317281
162400 317231
162500 317143
162600 317124
162700 317050
162800 316979
162900 316917
163000 316871
163100 316760
163200 316710
163300 316624
163400 316554
163500 316484
163600 316439
163700 316366
163800 316283
163900 316223
164000 316173
164100 316121
164200 316066
164300 316024
164400 315950
164500 315899
164600 315820
164700 315717
164800 315616
164900 315603
165000 315556
165100 315489
165200 315383
165300 315308
165400 315271
165500 315197
165600 315147
165700 315045
165800 314998
165900 314926
166000 314852
166100 314749
166200 314685
166300 314602
166400 314512
166500 314431
166600 314366
166700 314293
166800 314201
166900 314114
167000 314073
167100 314000
167200 313979
167300 313889
167400 313828
167500 313771
167600 313649
167700 313581
167800 313542
167900 313530
168000 313507
168100 313405
168200 313351
168300 313283
168400 313249
168500 313177
168600 313146
168700 313055
168800 312996
168900 312936
169000 312891
169100 312806
169200 312749
169300 312650
169400 312641
169500 312602
169600 312544
169700 312464
169800 312377
169900 312321
170000 312215
170100 312132
170200 312072
170300 311972
170400 311895
170500 311846
170600 311782
170700 311779
170800 311726
170900 311663
171000 311602
171100 311545
171200 311485
171300 311409
171400 311386
171500 311378
171600 311320
171700 311278
171800 311236
171900 311193
172000 311147
172100 311064
172200 310981
172300 310937
172400 310873
172500 310809
172600 310716
172700 310625
172800 310590
172900 310532
173000 310464
173100 310372
173200 310320
173300 310175
173400 310129
173500 310044
173600 309950
173700 309909
173800 309830
173900 309813
174000 309768
174100 309713
174200 309686
174300 309620
174400 309541
174500 309489
174600 309408
174700 309376
174800 309314
174900 309218
175000 309173
175100 309144
175200 309079
175300 309017
175400 308933
175500 308890
175600 308812
175700 308730
175800 308619
175900 308561
176000 308521
176100 308389
176200 308351
176300 308284
176400 308227
176500 308192
176600 308110
176700 308039
176800 308010
176900 307899
177000 307823
177100 307703
177200 307604
177300 307535
177400 307479
177500 307408
177600 307370
177700 307276
177800 307173
177900 307111
178000 307020
178100 306951
178200 306844
178300 306747
178400 306688
178500 306640
178600 306595
178700 306492
178800 306443
178900 306359
179000 306283
179100 306226
179200 306168
179300 306123
179400 306084
179500 306022
179600 305934
179700 305843
179800 305777
179900 305714
180000 305655
180100 305612
180200 305560
180300 305482
180400 305439
180500 305399
180600 305321
180700 305248
180800 305166
180900 305092
181000 305055
181100 305040
181200 304965
181300 304895
181400 304842
181500 304787
181600 304728
181700 304664
181800 304595
181900 304551
182000 304502
182100 304441
182200 304382
182300 304341
182400 304281
182500 304213
182600 304126
182700 304095
182800 304042
182900 303951
183000 303859
183100 303790
183200 303737
183300 303660
183400 303606
183500 303507
183600 303463
183700 303357
183800 303283
183900 303231
184000 303154
184100 303139
184200 303069
184300 303014
184400 302933
184500 302852
184600 302824
184700 302750
184800 302659
184900 302556
185000 302462
185100 302410
185200 302354
185300 302294
185400 302238
185500 302182
185600 302154
185700 302138
185800 302047
185900 301976
186000 301924
186100 301837
186200 301784
186300 301717
186400 301620
186500 301531
186600 301442
186700 301361
186800 301297
186900 301243
187000 301158
187100 301134
187200 301075
187300 301046
187400 300926
187500 300861
187600 300789
187700 300728
187800 300668
187900 300626
188000 300561
188100 300532
188200 300488
188300 300396
188400 300331
188500 300247
188600 300160
188700 300124
188800 300065
188900 300017
189000 299925
189100 299875
189200 299852
189300 299742
189400 299701
189500 299652
189600 299594
189700 299537
189800 299477
189900 299442
190000 299405
190100 299344
190200 299267
190300 299183
190400 299109
190500 299028
190600 298971
190700 298930
190800 298863
190900 298803
191000 298735
191100 298648
191200 298625
191300 298533
191400 298537
191500 298486
191600 298409
191700 298362
191800 298278
191900 298248
192000 298190
192100 298102
192200 298063
192300 297990
192400 297958
192500 297887
192600 297848
192700 297745
192800 297700
192900 297669
193000 297625
193100 297519
193200 297443
193300 297369
193400 297313
193500 297246
193600 297172
193700 297104
193800 297070
193900 296978
194000 296885
194100 296839
194200 296792
194300 296744
194400 296694
194500 296618
194600 296549
194700 296527
194800 296407
194900 296353
195000 296294
195100 296202
195200 296122
195300 296044
195400 295972
195500 295917
195600 295842
195700 295768
195800 295698
195900 295669
196000 295578
196100 295539
196200 295534
196300 295472
196400 295425
196500 295362
196600 295308
196700 295237
196800 295223
196900 295153
197000 295082
197100 294993
197200 294925
197300 294865
197400 294801
197500 294793
197600 294749
197700 294743
197800 294682
197900 294648
198000 294594
198100 294528
198200 294471
198300 294413
198400 294355
198500 294272
198600 294229
198700 294145
198800 294088
198900 294047
199000 294011
199100 293965
199200 293959
199300 293886
199400 293836
199500 293812
199600 293743
199700 293681
199800 293648
199900 293596
200000 293557
200100 293458
200200 293411
200300 293398
200400 293305
200500 293201
200600 293134
200700 293069
200800 292982
200900 292937
201000 292874
201100 292806
201200 292692
201300 292657
201400 292623
201500 292575
201600 292504
201700 292410
201800 292312
201900 292267
202000 292235
202100 292189
202200 292146
202300 292063
202400 292004
202500 291935
202600 291835
202700 291750
202800 291642
202900 291572
203000 291531
203100 291507
203200 291450
203300 291409
203400 291310
203500 291257
203600 291220
203700 291148
203800 291108
203900 291011
204000 290959
204100 290870
204200 290798
204300 290722
204400 290659
204500 290602
204600 290545
204700 290488
204800 290454
204900 290426
205000 290348
205100 290265
205200 290180
205300 290124
205400 290071
205500 289992
205600 289922
205700 289841
205800 289823
205900 289772
206000 289730
206100 289656
206200 289548
206300 289505
206400 289449
206500 289371
206600 289321
206700 289268
206800 289214
206900 289109
207000 289029
207100 289004
207200 288976
207300 288939
207400 288926
207500 288871
207600 288811
207700 288777
207800 288708
207900 288654
208000 288589
208100 288568
208200 288517
208300 288397
208400 288258
208500 288179
208600 288119
208700 288093
208800 288029
208900 287936
209000 287854
209100 287763
209200 287722
209300 287665
209400 287608
209500 287539
209600 287464
209700 287342
209800 287286
209900 287203
210000 287161
210100 287117
210200 287081
210300 287041
210400 287007
210500 286934
210600 286873
210700 286837
210800 286812
210900 286751
211000 286719
211100 286676
211200 286610
211300 286514
211400 286450
211500 286424
211600 286336
211700 286277
211800 286265
211900 286188
212000 286124
212100 286067
212200 285984
212300 285876
212400 285859
212500 285775
212600 285722
212700 285667
212800 285608
212900 285571
213000 285473
213100 285413
213200 285363
213300 285288
213400 285243
213500 285207
213600 285148
213700 285088
213800 285040
213900 284982
214000 284964
214100 284929
214200 284824
214300 284773
214400 284703
214500 284703
214600 284675
214700 284587
214800 284529
214900 284467
215000 284421
215100 284368
215200 284271
215300 284248
215400 284216
215500 284161
215600 284129
215700 284059
215800 283976
215900 283919
216000 283855
216100 283798
216200 283706
216300 283633
216400 283570
216500 283526
216600 283453
216700 283392
216800 283350
216900 283339
217000 283306
217100 283259
217200 283190
217300 283132
217400 283095
217500 283031
217600 283031
217700 282977
217800 282922
217900 282849
218000 282748
218100 282686
218200 282645
218300 282578
218400 282503
218500 282464
218600 282368
218700 282302
218800 282256
218900 282194
219000 282129
219100 282071
219200 282023
219300 281947
219400 281910
219500 281837
219600 281813
219700 281719
219800 281649
219900 281594
220000 281535
220100 281487
220200 281413
220300 281366
220400 281298
220500 281234
220600 281131
220700 281081
220800 281012
220900 280919
221000 280869
221100 280821
221200 280769
221300 280702
221400 280654
221500 280617
221600 280600
221700 280553
221800 280487
221900 280451
222000 280419
222100 280347
222200 280315
222300 280261
222400 280215
222500 280164
222600 280095
222700 280049
222800 279983
222900 279905
223000 279862
223100 279843
223200 279796
223300 279775
223400 279730
223500 279696
223600 279637
223700 279599
223800 279531
223900 279476
224000 279447
224100 279380
224200 279322
224300 279236
224400 279165
224500 279123
224600 279057
224700 279001
224800 278963
224900 278879
225000 278826
225100 278771
225200 278685
225300 278615
225400 278568
225500 278513
225600 278464
225700 278424
225800 278399
225900 278371
226000 278355
226100 278285
226200 278215
226300 278192
226400 278121
226500 278069
226600 278005
226700 277960
226800 277882
226900 277862
227000 277843
227100 277799
227200 277728
227300 277672
227400 277616
227500 277555
227600 277513
227700 277494
227800 277428
227900 277387
228000 277338
228100 277338
228200 277303
228300 277231
228400 277145
228500 277068
228600 277013
228700 276973
228800 276919
228900 276879
229000 276817
229100 276753
229200 276674
229300 276607
229400 276560
229500 276500
229600 276438
229700 276385
229800 276345
229900 276306
230000 276243
230100 276200
230200 276130
230300 276076
230400 276000
230500 275971
230600 275918
230700 275913
230800 275839
230900 275812
231000 275782
231100 275708
231200 275647
231300 275577
231400 275530
231500 275476
231600 275406
231700 275355
231800 275279
231900 275222
232000 275187
232100 275119
232200 275033
232300 274954
232400 274885
232500 274816
232600 274768
232700 274747
232800 274656
232900 274617
233000 274584
233100 274536
233200 274427
233300 274407
233400 274383
233500 274359
233600 274311
233700 274239
233800 274198
233900 274143
234000 274059
234100 273979
234200 273933
234300 273906
234400 273850
234500 273796
234600 273741
234700 273699
234800 273666
234900 273628
235000 273567
235100 273523
235200 273480
235300 273393
235400 273372
235500 273293
235600 273233
235700 273123
235800 273051
235900 273000
236000 272917
236100 272860
236200 272758
236300 272676
236400 272631
236500 272506
236600 272504
236700 272473
236800 272432
236900 272369
237000 272314
237100 272247
237200 272179
237300 272144
237400 272095
237500 272021
237600 271971
237700 271938
237800 271894
237900 271830
238000 271772
238100 271732
238200 271663
238300 271606
238400 271593
238500 271530
238600 271421
238700 271406
238800 271351
238900 271278
239000 271198
239100 271121
239200 271086
239300 270990
239400 270959
239500 270912
239600 270899
239700 270837
239800 270746
239900 270722
240000 270693
240100 270613
240200 270581
240300 270518
240400 270457
240500 270407
240600 270352
240700 270307
240800 270225
240900 270217
241000 270175
241100 270114
241200 270044
241300 270025
241400 269979
241500 269915
241600 269862
241700 269807
241800 269760
241900 269738
242000 269688
242100 269634
242200 269588
242300 269555
242400 269518
242500 269503
242600 269450
242700 269420
242800 269376
242900 269324
243000 269273
243100 269244
243200 269227
243300 269201
243400 269167
243500 269134
243600 269040
243700 269001
243800 268957
243900 268881
244000 268827
244100 268767
244200 268740
244300 268691
244400 268605
244500 268553
244600 268514
244700 268423
244800 268367
244900 268315
245000 268275
245100 268242
245200 268193
245300 268126
245400 268088
245500 268056
245600 268028
245700 267994
245800 267952
245900 267914
246000 267885
246100 267835
246200 267784
246300 267761
246400 267672
246500 267635
246600 267558
246700 267479
246800 267441
246900 267412
247000 267352
247100 267307
247200 267247
247300 267179
247400 267119
247500 267112
247600 267045
247700 266949
247800 266931
247900 266931
248000 266850
248100 266810
248200 266746
248300 266692
248400 266640
248500 266584
248600 266526
248700 266465
248800 266440
248900 266377
249000 266329
249100 266290
249200 266215
249300 266177
249400 266141
249500 266080
249600 266052
249700 266021
249800 265937
249900 265834
250000 265773
250100 265711
250200 265628
250300 265589
250400 265573
250500 265527
250600 265488
250700 265416
250800 265338
250900 265301
251000 265238
251100 265230
251200 265140
251300 265103
251400 265059
251500 265016
251600 265015
251700 264965
251800 264921
251900 264850
252000 264769
252100 264767
252200 264715
252300 264655
252400 264585
252500 264526
252600 264432
252700 264400
252800 264379
252900 264318
253000 264288
253100 264222
253200 264204
253300 264151
253400 264117
253500 264084
253600 264006
253700 263925
253800 263912
253900 263898
254000 263858
254100 263818
254200 263793
254300 263776
254400 263744
254500 263732
254600 263707
254700 263684
254800 263621
254900 263599
255000 263518
255100 263427
255200 263343
255300 263282
255400 263258
255500 263212
255600 263141
255700 263106
255800 263080
255900 263024
256000 262964
256100 262964
256200 262901
256300 262817
256400 262792
256500 262755
256600 262704
256700 262665
256800 262636
256900 262559
257000 262519
257100 262479
257200 262396
257300 262276
257400 262210
257500 262147
257600 262117
257700 262068
257800 262036
257900 262013
258000 261980
258100 261936
258200 261927
258300 261889
258400 261832
258500 261792
258600 261750
258700 261690
258800 261652
258900 261556
259000 261523
259100 261461
259200 261457
259300 261411
259400 261364
259500 261328
259600 261297
259700 261244
259800 261178
259900 261155
260000 261121
260100 261084
260200 261039
260300 260989
260400 260922
260500 260885
260600 260823
260700 260762
260800 260745
260900 260729
261000 260690
261100 260643
261200 260631
261300 260543
261400 260483
261500 260438
261600 260373
261700 260313
261800 260267
261900 260212
262000 260178
262100 260137
262200 260092
262300 260066
262400 260024
262500 259957
262600 259869
262700 259863
262800 259780
262900 259724
263000 259699
263100 259689
263200 259615
263300 259569
263400 259520
263500 259501
263600 259471
263700 259431
263800 259371
263900 259325
264000 259240
264100 259193
264200 259125
264300 259026
264400 258989
264500 258952
264600 258915
264700 258873
264800 258843
264900 258807
265000 258751
265100 258715
265200 258674
265300 258641
265400 258570
265500 258546
265600 258518
265700 258521
265800 258406
265900 258366
266000 258333
266100 258301
266200 258225
266300 258216
266400 258197
266500 258169
266600 258142
266700 258109
266800 258067
266900 258025
267000 257942
267100 257894
267200 257794
267300 257708
267400 257637
267500 257555
267600 257529
267700 257491
267800 257446
267900 257366
268000 257301
268100 257252
268200 257191
268300 257141
268400 257091
268500 256983
268600 256923
268700 256905
268800 256880
268900 256839
269000 256799
269100 256777
269200 256705
269300 256642
269400 256606
269500 256588
269600 256540
269700 256456
269800 256416
269900 256356
270000 256307
270100 256240
270200 256183
270300 256105
270400 256042
270500 255965
270600 255877
270700 255830
270800 255773
270900 255713
271000 255659
271100 255624
271200 255586
271300 255566
271400 255512
271500 255444
271600 255385
271700 255338
271800 255299
271900 255210
272000 255132
272100 255104
272200 255025
272300 254966
272400 254911
272500 254830
272600 254801
272700 254707
272800 254680
272900 254627
273000 254578
273100 254518
273200 254515
273300 254494
273400 254455
273500 254423
273600 254363
273700 254302
273800 254274
273900 254241
274000 254183
274100 254165
274200 254109
274300 254070
274400 254014
274500 253970
274600 253959
274700 253933
274800 253870
274900 253812
275000 253750
275100 253676
275200 253605
275300 253551
275400 253527
275500 253501
275600 253481
275700 253381
275800 253364
275900 253295
276000 253178
276100 253112
276200 253099
276300 253111
276400 253086
276500 253040
276600 253028
276700 253003
276800 252977
276900 252932
277000 252867
277100 252825
277200 252784
277300 252722
277400 252732
277500 252685
277600 252596
277700 252542
277800 252504
277900 252461
278000 252416
278100 252371
278200 252354
278300 252282
278400 252273
278500 252223
278600 252200
278700 252136
278800 252066
278900 252004
279000 251932
279100 251860
279200 251817
279300 251747
279400 251734
279500 251700
279600 251705
279700 251668
279800 251595
279900 251556
280000 251507
280100 251470
280200 251444
280300 251408
280400 251411
280500 251349
280600 251309
280700 251245
280800 251153
280900 251090
281000 251066
281100 250997
281200 250930
281300 250857
281400 250722
281500 250665
281600 250611
281700 250578
281800 250559
281900 250510
282000 250469
282100 250408
282200 250371
282300 250340
282400 250307
282500 250292
282600 250269
282700 250225
282800 250168
282900 250138
283000 250053
283100 250016
283200 249962
283300 249901
283400 249873
283500 249836
283600 249766
283700 249699
283800 249649
283900 249604
284000 249554
284100 249500
284200 249450
284300 249411
284400 249385
284500 249353
284600 249295
284700 249168
284800 249154
284900 249138
285000 249110
285100 249065
285200 249016
285300 248968
285400 248939
285500 248898
285600 248875
285700 248809
285800 248754
285900 248724
286000 248662
286100 248619
286200 248581
286300 248573
286400 248539
286500 248485
286600 248454
286700 248421
286800 248355
286900 248320
287000 248254
287100 248217
287200 248188
287300 248163
287400 248152
287500 248102
287600 248085
287700 248026
287800 247982
287900 247956
288000 247897
288100 247857
288200 247805
288300 247762
288400 247737
288500 247725
288600 247634
288700 247575
288800 247506
288900 247476
289000 247408
289100 247338
289200 247326
289300 247215
289400 247168
289500 247058
289600 246986
289700 246930
289800 246886
289900 246870
290000 246786
290100 246771
290200 246749
290300 246682
290400 246648
290500 246560
290600 246487
290700 246429
290800 246397
290900 246351
291000 246318
291100 246247
291200 246177
291300 246139
291400 246101
291500 246064
291600 246016
291700 245957
291800 245915
291900 245865
292000 245804
292100 245765
292200 245723
292300 245641
292400 245584
292500 245525
292600 245468
292700 245419
292800 245405
292900 245338
293000 245291
293100 245260
293200 245206
293300 245175
293400 245129
293500 245095
293600 245075
293700 245033
293800 244965
293900 244922
294000 244903
294100 244852
294200 244807
294300 244758
294400 244721
294500 244667
294600 244621
294700 244575
294800 244489
294900 244447
295000 244386
295100 244332
295200 244284
295300 244229
295400 244155
295500 244100
295600 244092
295700 244061
295800 244019
295900 243986
296000 243940
296100 243893
296200 243858
296300 243857
296400 243800
296500 243710
296600 243665
296700 243611
296800 243532
296900 243498
297000 243476
297100 243446
297200 243371
297300 243351
297400 243294
297500 243267
297600 243217
297700 243186
297800 243126
297900 243081
298000 243037
298100 242986
298200 242954
298300 242899
298400 242846
298500 242791
298600 242715
298700 242627
298800 242564
298900 242520
299000 242509
299100 242432
299200 242385
299300 242337
299400 242292
299500 242245
299600 242190
299700 242126
299800 242073
299900 242032
300000 242000
300100 241891
300200 241825
300300 241798
300400 241764
300500 241735
300600 241718
300700 241688
300800 241621
300900 241577
301000 241522
301100 241484
301200 241455
301300 241390
301400 241367
301500 241337
301600 241265
301700 241259
301800 241213
301900 241186
302000 241115
302100 241054
302200 241022
302300 241033
302400 240992
302500 240954
302600 240937
302700 240917
302800 240851
302900 240800
303000 240752
303100 240719
303200 240667
303300 240629
303400 240553
303500 240520
303600 240446
303700 240393
303800 240367
303900 240317
304000 240307
304100 240249
304200 240190
304300 240147
304400 240117
304500 240077
304600 240034
304700 240009
304800 239999
304900 239959
305000 239933
305100 239853
305200 239795
305300 239770
305400 239743
305500 239710
305600 239681
305700 239649
305800 239635
305900 239591
306000 239516
306100 239483
306200 239464
306300 239366
306400 239331
306500 239285
306600 239214
306700 239194
306800 239158
306900 239104
307000 239091
307100 239060
307200 238992
307300 238868
307400 238837
307500 238812
307600 238767
307700 238787
307800 238737
307900 238685
308000 238627
308100 238591
308200 238564
308300 238533
308400 238470
308500 238425
308600 238376
308700 238345
308800 238306
308900 238260
309000 238207
309100 238175
309200 238102
309300 238053
309400 238025
309500 237975
309600 237912
309700 237884
309800 237838
309900 237791
310000 237774
310100 237739
310200 237735
310300 237680
310400 237631
310500 237606
310600 237578
310700 237516
310800 237488
310900 237478
311000 237432
311100 237383
311200 237314
311300 237274
311400 237211
311500 237143
311600 237095
311700 237043
311800 237010
311900 236967
312000 236922
312100 236868
312200 236830
312300 236796
312400 236770
312500 236727
312600 236684
312700 236625
312800 236567
312900 236508
313000 236485
313100 236452
313200 236418
313300 236359
313400 236311
313500 236230
313600 236194
313700 236115
313800 236026
313900 235986
314000 235962
314100 235944
314200 235869
314300 235842
314400 235830
314500 235810
314600 235796
314700 235724
314800 235699
314900 235642
315000 235618
315100 235593
315200 235554
315300 235492
315400 235436
315500 235398
315600 235369
315700 235293
315800 235247
315900 235211
316000 235200
316100 235166
316200 235103
316300 235080
316400 235037
316500 235029
316600 234992
316700 234962
316800 234934
316900 234905
317000 234846
317100 234775
317200 234741
317300 234728
317400 234725
317500 234705
317600 234639
317700 234632
317800 234611
317900 234568
318000 234527
318100 234502
318200 234426
318300 234364
318400 234286
318500 234235
318600 234195
318700 234147
318800 234123
318900 234065
319000 234016
319100 233971
319200 233926
319300 233880
319400 233851
319500 233817
319600 233781
319700 233727
319800 233711
319900 233681
320000 233668
320100 233604
320200 233543
320300 233488
320400 233397
320500 233376
320600 233299
320700 233264
320800 233215
320900 233179
321000 233128
321100 233068
321200 233039
321300 233010
321400 232983
321500 232948
321600 232883
321700 232821
321800 232829
321900 232794
322000 232764
322100 232745
322200 232695
322300 232673
322400 232601
322500 232588
322600 232545
322700 232487
322800 232420
322900 232394
323000 232363
323100 232310
323200 232257
323300 232213
323400 232190
323500 232123
323600 232084
323700 232019
323800 231962
323900 231918
324000 231893
324100 231820
324200 231796
324300 231762
324400 231716
324500 231673
324600 231651
324700 231624
324800 231573
324900 231546
325000 231506
325100 231447
325200 231411
325300 231374
325400 231314
325500 231250
325600 231243
325700 231190
325800 231139
325900 231123
326000 231075
326100 231061
326200 231004
326300 230971
326400 230907
326500 230850
326600 230815
326700 230778
326800 230763
326900 230738
327000 230674
327100 230623
327200 230609
327300 230559
327400 230518
327500 230485
327600 230459
327700 230449
327800 230418
327900 230388
328000 230359
328100 230331
328200 230322
328300 230289
328400 230248
328500 230205
328600 230177
328700 230145
328800 230103
328900 230095
329000 230009
329100 229992
329200 229924
329300 229878
329400 229834
329500 229795
329600 229734
329700 229675
329800 229641
329900 229599
330000 229535
330100 229486
330200 229456
330300 229424
330400 229378
330500 229347
330600 229316
330700 229296
330800 229281
330900 229248
331000 229198
331100 229141
331200 229084
331300 229065
331400 228993
331500 228941
331600 228901
331700 228849
331800 228821
331900 228767
332000 228709
332100 228667
332200 228645
332300 228602
332400 228565
332500 228538
332600 228490
332700 228447
332800 228433
332900 228338
333000 228276
333100 228234
333200 228197
333300 228140
333400 228111
333500 228044
333600 227998
333700 227958
333800 227859
333900 227811
334000 227745
334100 227728
334200 227717
334300 227697
334400 227643
334500 227608
334600 227538
334700 227450
334800 227340
334900 227315
335000 227287
335100 227245
335200 227216
335300 227168
335400 227086
335500 227025
335600 226993
335700 226971
335800 226947
335900 226902
336000 226826
336100 226776
336200 226756
336300 226728
336400 226676
336500 226644
336600 226580
336700 226543
336800 226512
336900 226474
337000 226446
337100 226421
337200 226372
337300 226297
337400 226277
337500 226225
337600 226181
337700 226151
337800 226093
337900 226098
338000 226086
338100 226028
338200 226008
338300 225965
338400 225928
338500 225882
338600 225851
338700 225823
338800 225803
338900 225802
339000 225749
339100 225738
339200 225721
339300 225689
339400 225605
339500 225595
339600 225558
339700 225506
339800 225447
339900 225396
340000 225341
340100 225252
340200 225248
340300 225240
340400 225231
340500 225207
340600 225186
340700 225140
340800 225092
340900 225036
341000 224990
341100 224920
341200 224889
341300 224848
341400 224820
341500 224822
341600 224787
341700 224747
341800 224663
341900 224636
342000 224596
342100 224587
342200 224535
342300 224449
342400 224400
342500 224364
342600 224318
342700 224293
342800 224253
342900 224187
343000 224173
343100 224137
343200 224089
343300 224018
343400 223967
343500 223897
343600 223821
343700 223789
343800 223751
343900 223711
344000 223672
344100 223620
344200 223592
344300 223571
344400 223523
344500 223501
344600 223462
344700 223447
344800 223400
344900 223366
345000 223346
345100 223306
345200 223272
345300 223234
345400 223201
345500 223178
345600 223152
345700 223129
345800 223123
345900 223055
346000 223005
346100 222941
346200 222871
346300 222856
346400 222832
346500 222783
346600 222724
346700 222712
346800 222681
346900 222577
347000 222513
347100 222478
347200 222428
347300 222372
347400 222355
347500 222293
347600 222274
347700 222233
347800 222222
347900 222182
348000 222110
348100 222074
348200 222085
348300 222042
348400 221989
348500 222000
348600 221974
348700 221934
348800 221901
348900 221878
349000 221853
349100 221840
349200 221811
349300 221752
349400 221690
349500 221665
349600 221634
349700 221577
349800 221523
349900 221494
350000 221479
350100 221435
350200 221403
350300 221328
350400 221329
350500 221273
350600 221221
350700 221170
350800 221111
350900 221089
351000 221059
351100 221030
351200 220979
351300 220979
351400 220935
351500 220870
351600 220816
351700 220778
351800 220742
351900 220721
352000 220688
352100 220656
352200 220630
352300 220562
352400 220545
352500 220515
352600 220459
352700 220423
352800 220373
352900 220348
353000 220275
353100 220212
353200 220177
353300 220177
353400 220143
353500 220125
353600 220094
353700 220062
353800 220026
353900 220014
354000 219976
354100 219963
354200 219924
354300 219863
354400 219789
354500 219742
354600 219718
354700 219661
354800 219638
354900 219607
355000 219575
355100 219524
355200 219508
355300 219472
355400 219427
355500 219408
355600 219355
355700 219340
355800 219315
355900 219257
356000 219212
356100 219150
356200 219106
356300 219062
356400 219024
356500 219003
356600 218967
356700 218949
356800 218934
356900 218913
357000 218868
357100 218818
357200 218770
357300 218734
357400 218684
357500 218670
357600 218640
357700 218609
357800 218603
357900 218566
358000 218533
358100 218486
358200 218446
358300 218461
358400 218409
358500 218358
358600 218289
358700 218242
358800 218193
358900 218136
359000 218111
359100 218070
359200 218047
359300 218029
359400 217983
359500 217921
359600 217880
359700 217787
359800 217737
359900 217700
360000 217686
360100 217656
360200 217621
360300 217598
360400 217570
360500 217494
360600 217446
360700 217404
360800 217373
360900 217341
361000 217316
361100 217297
361200 217260
361300 217211
361400 217174
361500 217099
361600 217061
361700 217028
361800 216999
361900 216959
362000 216929
362100 216877
362200 216805
362300 216781
362400 216740
362500 216703
362600 216640
362700 216606
362800 216565
362900 216511
363000 216477
363100 216447
363200 216402
363300 216375
363400 216353
363500 216332
363600 216275
363700 216241
363800 216199
363900 216181
364000 216149
364100 216111
364200 216063
364300 216037
364400 215997
364500 215968
364600 215958
364700 215937
364800 215889
364900 215829
365000 215799
365100 215754
365200 215713
365300 215666
365400 215613
365500 215589
365600 215544
365700 215514
365800 215487
365900 215476
366000 215468
366100 215409
366200 215390
366300 215362
366400 215307
366500 215282
366600 215223
366700 215166
366800 215107
366900 215082
367000 215059
367100 215012
367200 214967
367300 214962
367400 214928
367500 214924
367600 214910
367700 214874
367800 214865
367900 214815
368000 214769
368100 214759
368200 214705
368300 214652
368400 214622
368500 214562
368600 214524
368700 214485
368800 214448
368900 214416
369000 214377
369100 214330
369200 214308
369300 214264
369400 214218
369500 214165
369600 214136
369700 214102
369800 214092
369900 214077
370000 214035
370100 213985
370200 213977
370300 213951
370400 213929
370500 213887
370600 213893
370700 213844
370800 213823
370900 213780
371000 213730
371100 213685
371200 213626
371300 213562
371400 213520
371500 213494
371600 213452
371700 213420
371800 213395
371900 213316
372000 213281
372100 213245
372200 213195
372300 213159
372400 213145
372500 213123
372600 213098
372700 213057
372800 213003
372900 212925
373000 212895
373100 212872
373200 212891
373300 212816
373400 212799
373500 212772
373600 212694
373700 212675
373800 212623
373900 212572
374000 212550
374100 212482
374200 212429
374300 212400
374400 212371
374500 212357
374600 212301
374700 212232
374800 212196
374900 212186
375000 212124
375100 212102
375200 212066
375300 212028
375400 212028
375500 211957
375600 211904
375700 211852
375800 211812
375900 211787
376000 211744
376100 211704
376200 211667
376300 211642
376400 211614
376500 211541
376600 211488
376700 211436
376800 211382
376900 211338
377000 211317
377100 211283
377200 211262
377300 211246
377400 211219
377500 211201
377600 211194
377700 211140
377800 211112
377900 211078
378000 211022
378100 210991
378200 210934
378300 210887
378400 210860
378500 210785
378600 210757
378700 210703
378800 210696
378900 210640
379000 210585
379100 210563
379200 210518
379300 210508
379400 210466
379500 210435
379600 210377
379700 210347
379800 210307
379900 210259
380000 210212
380100 210151
380200 210117
380300 210057
380400 209973
380500 209940
380600 209893
380700 209886
380800 209841
380900 209803
381000 209759
381100 209741
381200 209714
381300 209678
381400 209638
381500 209613
381600 209586
381700 209556
381800 209555
381900 209541
382000 209526
382100 209502
382200 209440
382300 209391
382400 209367
382500 209326
382600 209269
382700 209223
382800 209229
382900 209231
383000 209216
383100 209200
383200 209201
383300 209178
383400 209179
383500 209165
383600 209114
383700 209081
383800 209057
383900 209011
384000 208988
384100 208945
384200 208915
384300 208855
384400 208831
384500 208822
384600 208806
384700 208789
384800 208765
384900 208742
385000 208712
385100 208656
385200 208663
385300 208637
385400 208605
385500 208535
385600 208509
385700 208474
385800 208430
385900 208408
386000 208376
386100 208304
386200 208263
386300 208234
386400 208190
386500 208172
386600 208139
386700 208071
386800 208048
386900 208017
387000 208003
387100 207965
387200 207948
387300 207915
387400 207843
387500 207831
387600 207809
387700 207763
387800 207729
387900 207721
388000 207670
388100 207609
388200 207580
388300 207553
388400 207538
388500 207523
388600 207514
388700 207461
388800 207416
388900 207414
389000 207378
389100 207318
389200 207310
389300 207299
389400 207276
389500 207239
389600 207215
389700 207186
389800 207150
389900 207103
390000 207067
390100 207027
390200 206998
390300 206978
390400 206973
390500 206940
390600 206928
390700 206890
390800 206889
390900 206860
391000 206825
391100 206791
391200 206755
391300 206716
391400 206673
391500 206654
391600 206622
391700 206577
391800 206528
391900 206495
392000 206427
392100 206349
392200 206332
392300 206288
392400 206266
392500 206243
392600 206229
392700 206205
392800 206165
392900 206108
393000 206066
393100 206039
393200 206004
393300 205975
393400 205990
393500 205936
393600 205860
393700 205820
393800 205753
393900 205726
394000 205700
394100 205667
394200 205609
394300 205592
394400 205578
394500 205531
394600 205476
394700 205451
394800 205392
394900 205343
395000 205335
395100 205283
395200 205253
395300 205248
395400 205228
395500 205198
395600 205149
395700 205105
395800 205101
395900 205092
396000 205040
396100 205001
396200 204957
396300 204944
396400 204937
396500 204908
396600 204888
396700 204868
396800 204830
396900 204784
397000 204789
397100 204738
397200 204723
397300 204653
397400 204598
397500 204581
397600 204565
397700 204500
397800 204462
397900 204458
398000 204448
398100 204430
398200 204419
398300 204409
398400 204387
398500 204318
398600 204286
398700 204242
398800 204201
398900 204156
399000 204139
399100 204114
399200 204080
399300 204019
399400 203996
399500 203979
399600 203941
399700 203897
399800 203844
399900 203809
