0 197970
100 197962
200 197968
300 197964
400 197944
500 197955
600 197945
700 197921
800 197914
900 197900
1000 197873
1100 197885
1200 197893
1300 197885
1400 197876
1500 197875
1600 197869
1700 197856
1800 197829
1900 197830
2000 197822
2100 197800
2200 197795
2300 197781
2400 197781
2500 197772
2600 197745
2700 197729
2800 197721
2900 197708
3000 197686
3100 197689
3200 197684
3300 197665
3400 197661
3500 197658
3600 197658
3700 197660
3800 197634
3900 197640
4000 197659
4100 197655
4200 197633
4300 197646
4400 197636
4500 197609
4600 197605
4700 197594
4800 197575
4900 197550
5000 197553
5100 197541
5200 197562
5300 197538
5400 197521
5500 197500
5600 197474
5700 197435
5800 197416
5900 197415
6000 197414
6100 197413
6200 197410
6300 197398
6400 197364
6500 197355
6600 197332
6700 197292
6800 197287
6900 197271
7000 197262
7100 197239
7200 197231
7300 197212
7400 197203
7500 197187
7600 197153
7700 197132
7800 197114
7900 197091
8000 197091
8100 197052
8200 197030
8300 196997
8400 196979
8500 196972
8600 196957
8700 196928
8800 196894
8900 196886
9000 196857
9100 196825
9200 196803
9300 196766
9400 196743
9500 196718
9600 196687
9700 196669
9800 196624
9900 196586
10000 196563
10100 196541
10200 196518
10300 196480
10400 196482
10500 196439
10600 196403
10700 196382
10800 196375
10900 196352
11000 196312
11100 196270
11200 196237
11300 196203
11400 196176
11500 196149
11600 196124
11700 196116
11800 196068
11900 196030
12000 195981
12100 195933
12200 195877
12300 195829
12400 195796
12500 195760
12600 195718
12700 195692
12800 195679
12900 195669
13000 195637
13100 195621
13200 195574
13300 195551
13400 195514
13500 195458
13600 195419
13700 195385
13800 195359
13900 195339
14000 195314
14100 195282
14200 195267
14300 195233
14400 195211
14500 195184
14600 195161
14700 195134
14800 195097
14900 195056
15000 195019
15100 194985
15200 194944
15300 194895
15400 194861
15500 194834
15600 194802
15700 194753
15800 194722
15900 194691
16000 194675
16100 194642
16200 194618
16300 194567
16400 194534
16500 194495
16600 194471
16700 194454
16800 194434
16900 194400
17000 194365
17100 194319
17200 194281
17300 194240
17400 194203
17500 194172
17600 194132
17700 194091
17800 194058
17900 194012
18000 193982
18100 193961
18200 193917
18300 193881
18400 193836
18500 193814
18600 193780
18700 193756
18800 193726
18900 193709
19000 193687
19100 193667
19200 193637
19300 193581
19400 193539
19500 193500
19600 193461
19700 193406
19800 193372
19900 193318
20000 193285
20100 193252
20200 193202
20300 193174
20400 193141
20500 193123
20600 193080
20700 193015
20800 192985
20900 192968
21000 192937
21100 192913
21200 192891
21300 192857
21400 192831
21500 192811
21600 192790
21700 192783
21800 192764
21900 192738
22000 192690
22100 192684
22200 192651
22300 192625
22400 192598
22500 192583
22600 192550
22700 192530
22800 192504
22900 192458
23000 192443
23100 192427
23200 192404
23300 192365
23400 192335
23500 192299
23600 192278
23700 192269
23800 192237
23900 192206
24000 192178
24100 192151
24200 192111
24300 192067
24400 192033
24500 192018
24600 191991
24700 191964
24800 191917
24900 191883
25000 191860
25100 191837
25200 191827
25300 191822
25400 191803
25500 191759
25600 191736
25700 191690
25800 191648
25900 191604
26000 191559
26100 191535
26200 191495
26300 191463
26400 191453
26500 191424
26600 191413
26700 191367
26800 191335
26900 191319
27000 191303
27100 191258
27200 191241
27300 191210
27400 191198
27500 191188
27600 191181
27700 191135
27800 191112
27900 191072
28000 191071
28100 191065
28200 191040
28300 191029
28400 191008
28500 190968
28600 190930
28700 190912
28800 190888
28900 190867
29000 190833
29100 190793
29200 190778
29300 190760
29400 190718
29500 190685
29600 190654
29700 190637
29800 190608
29900 190597
30000 190554
30100 190524
30200 190505
30300 190469
30400 190430
30500 190400
30600 190370
30700 190353
30800 190307
30900 190274
31000 190254
31100 190210
31200 190198
31300 190197
31400 190171
31500 190141
31600 190117
31700 190078
31800 190072
31900 190048
32000 190042
32100 190019
32200 189977
32300 189947
32400 189914
32500 189873
32600 189868
32700 189861
32800 189842
32900 189818
33000 189768
33100 189749
33200 189745
33300 189718
33400 189714
33500 189693
33600 189679
33700 189649
33800 189630
33900 189613
34000 189587
34100 189599
34200 189575
34300 189578
34400 189552
34500 189536
34600 189518
34700 189487
34800 189444
34900 189426
35000 189417
35100 189383
35200 189376
35300 189354
35400 189325
35500 189309
35600 189298
35700 189269
35800 189262
35900 189243
36000 189223
36100 189228
36200 189198
36300 189193
36400 189188
36500 189159
36600 189113
36700 189074
36800 189064
36900 189009
37000 188984
37100 188982
37200 188988
37300 188994
37400 188984
37500 188956
37600 188918
37700 188899
37800 188870
37900 188855
38000 188828
38100 188824
38200 188788
38300 188782
38400 188787
38500 188762
38600 188739
38700 188719
38800 188686
38900 188647
39000 188621
39100 188597
39200 188563
39300 188512
39400 188480
39500 188458
39600 188445
39700 188436
39800 188406
39900 188382
40000 188378
40100 188327
40200 188291
40300 188295
40400 188288
40500 188290
40600 188257
40700 188250
40800 188223
40900 188219
41000 188212
41100 188180
41200 188152
41300 188115
41400 188109
41500 188109
41600 188085
41700 188100
41800 188073
41900 188042
42000 188040
42100 188026
42200 188012
42300 187996
42400 187972
42500 187951
42600 187924
42700 187874
42800 187858
42900 187819
43000 187798
43100 187770
43200 187759
43300 187723
43400 187708
43500 187700
43600 187674
43700 187653
43800 187617
43900 187595
44000 187615
44100 187606
44200 187590
44300 187572
44400 187542
44500 187520
44600 187493
44700 187487
44800 187440
44900 187417
45000 187415
45100 187383
45200 187362
45300 187325
45400 187285
45500 187249
45600 187223
45700 187194
45800 187182
45900 187188
46000 187159
46100 187134
46200 187145
46300 187119
46400 187096
46500 187076
46600 187044
46700 187030
46800 187000
46900 186952
47000 186923
47100 186900
47200 186881
47300 186857
47400 186827
47500 186820
47600 186787
47700 186780
47800 186760
47900 186745
48000 186736
48100 186693
48200 186686
48300 186685
48400 186650
48500 186620
48600 186562
48700 186504
48800 186503
48900 186517
49000 186478
49100 186466
49200 186454
49300 186436
49400 186419
49500 186390
49600 186376
49700 186351
49800 186342
49900 186298
50000 186298
50100 186297
50200 186271
50300 186255
50400 186250
50500 186219
50600 186223
50700 186205
50800 186203
50900 186212
51000 186189
51100 186155
51200 186135
51300 186119
51400 186106
51500 186086
51600 186072
51700 186057
51800 186053
51900 186013
52000 185997
52100 185962
52200 185941
52300 185924
52400 185887
52500 185871
52600 185856
52700 185861
52800 185861
52900 185813
53000 185791
53100 185765
53200 185751
53300 185706
53400 185707
53500 185680
53600 185654
53700 185627
53800 185603
53900 185563
54000 185539
54100 185524
54200 185517
54300 185521
54400 185518
54500 185482
54600 185449
54700 185420
54800 185417
54900 185402
55000 185388
55100 185353
55200 185319
55300 185295
55400 185294
55500 185272
55600 185255
55700 185257
55800 185256
55900 185244
56000 185215
56100 185196
56200 185158
56300 185141
56400 185130
56500 185095
56600 185067
56700 185044
56800 185030
56900 185029
57000 185024
57100 184993
57200 184971
57300 184989
57400 184961
57500 184958
57600 184934
57700 184904
57800 184905
57900 184882
58000 184864
58100 184837
58200 184817
58300 184784
58400 184776
58500 184747
58600 184709
58700 184681
58800 184652
58900 184626
59000 184619
59100 184596
59200 184580
59300 184550
59400 184524
59500 184499
59600 184490
59700 184492
59800 184482
59900 184450
60000 184441
60100 184425
60200 184412
60300 184377
60400 184363
60500 184348
60600 184349
60700 184345
60800 184320
60900 184300
61000 184272
61100 184280
61200 184272
61300 184231
61400 184239
61500 184237
61600 184235
61700 184208
61800 184202
61900 184199
62000 184192
62100 184183
62200 184179
62300 184167
62400 184162
62500 184135
62600 184127
62700 184110
62800 184106
62900 184085
63000 184070
63100 184067
63200 184073
63300 184070
63400 184039
63500 184023
63600 184003
63700 183988
63800 183983
63900 183979
64000 183984
64100 183965
64200 183940
64300 183943
64400 183942
64500 183929
64600 183917
64700 183887
64800 183876
64900 183880
65000 183889
65100 183901
65200 183890
65300 183896
65400 183894
65500 183874
65600 183870
65700 183822
65800 183799
65900 183799
66000 183782
66100 183750
66200 183745
66300 183730
66400 183735
66500 183700
66600 183690
66700 183662
66800 183669
66900 183644
67000 183622
67100 183627
67200 183603
67300 183606
67400 183575
67500 183587
67600 183560
67700 183541
67800 183529
67900 183501
68000 183461
68100 183454
68200 183447
68300 183420
68400 183406
68500 183404
68600 183401
68700 183399
68800 183397
68900 183396
69000 183358
69100 183343
69200 183340
69300 183312
69400 183331
69500 183335
69600 183320
69700 183338
69800 183360
69900 183357
70000 183339
70100 183331
70200 183319
70300 183310
70400 183309
70500 183302
70600 183296
70700 183271
70800 183260
70900 183221
71000 183225
71100 183194
71200 183163
71300 183160
71400 183139
71500 183122
71600 183098
71700 183101
71800 183078
71900 183049
72000 183037
72100 183034
72200 183006
72300 182981
72400 182969
72500 182965
72600 182970
72700 182961
72800 182949
72900 182944
73000 182920
73100 182904
73200 182922
73300 182902
73400 182903
73500 182868
73600 182849
73700 182812
73800 182779
73900 182765
74000 182766
74100 182768
74200 182757
74300 182728
74400 182691
74500 182693
74600 182667
74700 182651
74800 182649
74900 182636
75000 182604
75100 182585
75200 182554
75300 182530
75400 182517
75500 182507
75600 182490
75700 182469
75800 182477
75900 182496
76000 182473
76100 182490
76200 182488
76300 182481
76400 182470
76500 182454
76600 182444
76700 182437
76800 182434
76900 182405
77000 182409
77100 182419
77200 182403
77300 182381
77400 182369
77500 182332
77600 182315
77700 182306
77800 182285
77900 182289
78000 182266
78100 182232
78200 182200
78300 182188
78400 182192
78500 182205
78600 182189
78700 182192
78800 182171
78900 182158
79000 182153
79100 182150
79200 182142
79300 182120
79400 182098
79500 182110
79600 182097
79700 182096
79800 182069
79900 182060
80000 182048
80100 182034
80200 182017
80300 182004
80400 181980
80500 181972
80600 181964
80700 181959
80800 181950
80900 181934
81000 181922
81100 181891
81200 181891
81300 181854
81400 181860
81500 181876
81600 181877
81700 181877
81800 181862
81900 181845
82000 181836
82100 181828
82200 181803
82300 181775
82400 181754
82500 181763
82600 181759
82700 181763
82800 181763
82900 181754
83000 181758
83100 181753
83200 181721
83300 181672
83400 181651
83500 181636
83600 181627
83700 181628
83800 181629
83900 181619
84000 181616
84100 181595
84200 181573
84300 181577
84400 181578
84500 181568
84600 181587
84700 181574
84800 181558
84900 181567
85000 181557
85100 181557
85200 181537
85300 181506
85400 181496
85500 181492
85600 181480
85700 181479
85800 181471
85900 181462
86000 181440
86100 181419
86200 181409
86300 181410
86400 181396
86500 181417
86600 181390
86700 181385
86800 181385
86900 181372
87000 181379
87100 181352
87200 181329
87300 181326
87400 181333
87500 181299
87600 181261
87700 181229
87800 181202
87900 181172
88000 181157
88100 181154
88200 181117
88300 181131
88400 181132
88500 181131
88600 181129
88700 181125
88800 181139
88900 181155
89000 181154
89100 181123
89200 181102
89300 181086
89400 181067
89500 181069
89600 181093
89700 181048
89800 181047
89900 181025
90000 181006
90100 180976
90200 180959
90300 180970
90400 180964
90500 180935
90600 180910
90700 180909
90800 180891
90900 180866
91000 180856
91100 180850
91200 180827
91300 180807
91400 180783
91500 180785
91600 180748
91700 180739
91800 180721
91900 180716
92000 180684
92100 180673
92200 180645
92300 180611
92400 180611
92500 180609
92600 180595
92700 180572
92800 180555
92900 180557
93000 180545
93100 180507
93200 180487
93300 180494
93400 180447
93500 180443
93600 180442
93700 180427
93800 180425
93900 180400
94000 180391
94100 180392
94200 180394
94300 180387
94400 180401
94500 180376
94600 180374
94700 180375
94800 180377
94900 180360
95000 180334
95100 180323
95200 180321
95300 180314
95400 180307
95500 180307
95600 180294
95700 180283
95800 180272
95900 180258
96000 180252
96100 180248
96200 180253
96300 180229
96400 180199
96500 180206
96600 180196
96700 180192
96800 180197
96900 180194
97000 180162
97100 180163
97200 180155
97300 180147
97400 180129
97500 180112
97600 180082
97700 180090
97800 180082
97900 180061
98000 180057
98100 180031
98200 180017
98300 180013
98400 180004
98500 180014
98600 179987
98700 179976
98800 179986
98900 179985
99000 179972
99100 179974
99200 179980
99300 179990
99400 179974
99500 179952
99600 179921
99700 179903
99800 179909
99900 179917
100000 179901
100100 179877
100200 179847
100300 179843
100400 179834
100500 179810
100600 179827
100700 179798
100800 179785
100900 179782
101000 179807
101100 179809
101200 179812
101300 179818
101400 179817
101500 179803
101600 179788
101700 179778
101800 179782
101900 179759
102000 179753
102100 179748
102200 179732
102300 179733
102400 179725
102500 179717
102600 179709
102700 179686
102800 179662
102900 179625
103000 179618
103100 179636
103200 179622
103300 179607
103400 179615
103500 179605
103600 179563
103700 179553
103800 179550
103900 179533
104000 179558
104100 179535
104200 179541
104300 179540
104400 179529
104500 179526
104600 179512
104700 179512
104800 179489
104900 179500
105000 179488
105100 179457
105200 179443
105300 179441
105400 179433
105500 179440
105600 179426
105700 179436
105800 179444
105900 179440
106000 179445
106100 179464
106200 179456
106300 179430
106400 179417
106500 179392
106600 179389
106700 179381
106800 179392
106900 179393
107000 179385
107100 179372
107200 179360
107300 179377
107400 179370
107500 179368
107600 179358
107700 179357
107800 179328
107900 179327
108000 179316
108100 179291
108200 179278
108300 179259
108400 179251
108500 179229
108600 179206
108700 179195
108800 179190
108900 179163
109000 179145
109100 179115
109200 179115
109300 179147
109400 179129
109500 179133
109600 179127
109700 179102
109800 179078
109900 179105
110000 179068
110100 179070
110200 179071
110300 179047
110400 179022
110500 179011
110600 179004
110700 178994
110800 178983
110900 178975
111000 178929
111100 178927
111200 178904
111300 178906
111400 178911
111500 178899
111600 178912
111700 178910
111800 178911
111900 178906
112000 178906
112100 178908
112200 178894
112300 178907
112400 178898
112500 178880
112600 178871
112700 178845
112800 178835
112900 178849
113000 178856
113100 178843
113200 178841
113300 178844
113400 178838
113500 178833
113600 178807
113700 178797
113800 178772
113900 178772
114000 178762
114100 178765
114200 178743
114300 178729
114400 178723
114500 178731
114600 178734
114700 178759
114800 178769
114900 178736
115000 178713
115100 178700
115200 178707
115300 178690
115400 178711
115500 178731
115600 178743
115700 178749
115800 178746
115900 178745
116000 178755
116100 178748
116200 178728
116300 178700
116400 178698
116500 178688
116600 178661
116700 178655
116800 178629
116900 178635
117000 178623
117100 178618
117200 178613
117300 178619
117400 178608
117500 178581
117600 178580
117700 178579
117800 178577
117900 178575
118000 178570
118100 178564
118200 178561
118300 178552
118400 178552
118500 178545
118600 178565
118700 178557
118800 178583
118900 178568
119000 178587
119100 178580
119200 178577
119300 178567
119400 178563
119500 178541
119600 178552
119700 178553
119800 178542
119900 178528
120000 178523
120100 178544
120200 178528
120300 178526
120400 178516
120500 178497
120600 178496
120700 178495
120800 178479
120900 178477
121000 178452
121100 178460
121200 178468
121300 178444
121400 178436
121500 178445
121600 178448
121700 178461
121800 178437
121900 178429
122000 178430
122100 178417
122200 178420
122300 178425
122400 178416
122500 178397
122600 178427
122700 178420
122800 178425
122900 178412
123000 178406
123100 178390
123200 178388
123300 178418
123400 178414
123500 178397
123600 178405
123700 178396
123800 178389
123900 178373
124000 178379
124100 178379
124200 178374
124300 178369
124400 178374
124500 178378
124600 178359
124700 178360
124800 178384
124900 178385
125000 178382
125100 178382
125200 178357
125300 178338
125400 178315
125500 178301
125600 178292
125700 178281
125800 178272
125900 178257
126000 178244
126100 178241
126200 178247
126300 178258
126400 178274
126500 178271
126600 178292
126700 178284
126800 178278
126900 178278
127000 178268
127100 178267
127200 178258
127300 178247
127400 178227
127500 178208
127600 178211
127700 178218
127800 178227
127900 178231
128000 178233
128100 178214
128200 178211
128300 178188
128400 178180
128500 178155
128600 178155
128700 178130
128800 178118
128900 178147
129000 178135
129100 178126
129200 178123
129300 178132
129400 178118
129500 178114
129600 178109
129700 178116
129800 178104
129900 178087
130000 178061
130100 178087
130200 178068
130300 178065
130400 178070
130500 178076
130600 178080
130700 178039
130800 178027
130900 178034
131000 178013
131100 178015
131200 178025
131300 178023
131400 178036
131500 178004
131600 177995
131700 177988
131800 177990
131900 177984
132000 178000
132100 178015
132200 178026
132300 178031
132400 178026
132500 178020
132600 178029
132700 178014
132800 177997
132900 177977
133000 177974
133100 177960
133200 177960
133300 177979
133400 177963
133500 177929
133600 177928
133700 177927
133800 177930
133900 177935
134000 177946
134100 177937
134200 177946
134300 177928
134400 177912
134500 177898
134600 177884
134700 177882
134800 177881
134900 177858
135000 177875
135100 177877
135200 177849
135300 177847
135400 177811
135500 177818
135600 177818
135700 177829
135800 177840
135900 177824
136000 177832
136100 177834
136200 177842
136300 177841
136400 177836
136500 177854
136600 177840
136700 177815
136800 177817
136900 177832
137000 177816
137100 177831
137200 177823
137300 177824
137400 177821
137500 177817
137600 177812
137700 177811
137800 177808
137900 177810
138000 177819
138100 177821
138200 177829
138300 177820
138400 177806
138500 177794
138600 177790
138700 177777
138800 177788
138900 177797
139000 177797
139100 177801
139200 177799
139300 177804
139400 177801
139500 177794
139600 177798
139700 177784
139800 177789
139900 177792
140000 177777
140100 177811
140200 177818
140300 177817
140400 177804
140500 177789
140600 177771
140700 177762
140800 177741
140900 177756
141000 177736
141100 177737
141200 177732
141300 177740
141400 177734
141500 177741
141600 177720
141700 177723
141800 177729
141900 177702
142000 177707
142100 177709
142200 177713
142300 177699
142400 177697
142500 177704
142600 177690
142700 177677
142800 177674
142900 177687
143000 177681
143100 177685
143200 177660
143300 177653
143400 177651
143500 177657
143600 177646
143700 177629
143800 177608
143900 177589
144000 177588
144100 177597
144200 177595
144300 177593
144400 177596
144500 177597
144600 177603
144700 177622
144800 177605
144900 177611
145000 177579
145100 177585
145200 177575
145300 177561
145400 177558
145500 177545
145600 177532
145700 177543
145800 177527
145900 177512
146000 177498
146100 177503
146200 177495
146300 177482
146400 177454
146500 177451
146600 177438
146700 177445
146800 177455
146900 177461
147000 177471
147100 177472
147200 177454
147300 177450
147400 177444
147500 177426
147600 177416
147700 177401
147800 177421
147900 177421
148000 177414
148100 177430
148200 177418
148300 177422
148400 177410
148500 177412
148600 177397
148700 177393
148800 177395
148900 177384
149000 177411
149100 177407
149200 177422
149300 177416
149400 177401
149500 177383
149600 177386
149700 177384
149800 177386
149900 177383
150000 177383
150100 177378
150200 177375
150300 177371
150400 177353
150500 177344
150600 177353
150700 177355
150800 177335
150900 177346
151000 177340
151100 177341
151200 177339
151300 177359
151400 177363
151500 177342
151600 177323
151700 177309
151800 177292
151900 177279
152000 177316
152100 177317
152200 177327
152300 177320
152400 177330
152500 177304
152600 177281
152700 177283
152800 177269
152900 177260
153000 177252
153100 177243
153200 177248
153300 177234
153400 177242
153500 177251
153600 177253
153700 177244
153800 177244
153900 177253
154000 177241
154100 177224
154200 177228
154300 177227
154400 177210
154500 177234
154600 177245
154700 177240
154800 177213
154900 177179
155000 177181
155100 177165
155200 177151
155300 177148
155400 177133
155500 177113
155600 177102
155700 177091
155800 177074
155900 177080
156000 177084
156100 177061
156200 177072
156300 177050
156400 177024
156500 177014
156600 177006
156700 176992
156800 176961
156900 176973
157000 176966
157100 176973
157200 176963
157300 176982
157400 176987
157500 176978
157600 176959
157700 176949
157800 176957
157900 176949
158000 176965
158100 176956
158200 176950
158300 176951
158400 176926
158500 176933
158600 176924
158700 176927
158800 176921
158900 176915
159000 176907
159100 176901
159200 176884
159300 176877
159400 176874
159500 176883
159600 176893
159700 176894
159800 176882
159900 176860
160000 176858
160100 176842
160200 176853
160300 176825
160400 176833
160500 176841
160600 176831
160700 176824
160800 176832
160900 176807
161000 176840
161100 176828
161200 176827
161300 176823
161400 176837
161500 176841
161600 176854
161700 176837
161800 176828
161900 176842
162000 176831
162100 176851
162200 176861
162300 176869
162400 176858
162500 176853
162600 176854
162700 176844
162800 176816
162900 176828
163000 176824
163100 176818
163200 176828
163300 176847
163400 176828
163500 176809
163600 176817
163700 176829
163800 176799
163900 176783
164000 176774
164100 176786
164200 176792
164300 176805
164400 176799
164500 176785
164600 176797
164700 176801
164800 176803
164900 176806
165000 176817
165100 176800
165200 176800
165300 176794
165400 176812
165500 176796
165600 176798
165700 176821
165800 176821
165900 176825
166000 176814
166100 176809
166200 176820
166300 176813
166400 176797
166500 176805
166600 176817
166700 176808
166800 176813
166900 176822
167000 176835
167100 176846
167200 176846
167300 176842
167400 176851
167500 176855
167600 176860
167700 176849
167800 176821
167900 176821
168000 176856
168100 176857
168200 176839
168300 176827
168400 176800
168500 176816
168600 176833
168700 176832
168800 176860
168900 176858
169000 176855
169100 176846
169200 176837
169300 176850
169400 176837
169500 176861
169600 176845
169700 176826
169800 176819
169900 176812
170000 176808
170100 176813
170200 176829
170300 176825
170400 176830
170500 176841
170600 176815
170700 176794
170800 176789
170900 176790
171000 176760
171100 176735
171200 176729
171300 176720
171400 176725
171500 176685
171600 176673
171700 176680
171800 176701
171900 176678
172000 176671
172100 176654
172200 176655
172300 176653
172400 176658
172500 176651
172600 176651
172700 176657
172800 176650
172900 176647
173000 176623
173100 176611
173200 176617
173300 176642
173400 176629
173500 176629
173600 176629
173700 176626
173800 176626
173900 176631
174000 176630
174100 176641
174200 176652
174300 176646
174400 176621
174500 176621
174600 176631
174700 176626
174800 176634
174900 176623
175000 176613
175100 176600
175200 176585
175300 176600
175400 176605
175500 176605
175600 176597
175700 176600
175800 176590
175900 176615
176000 176596
176100 176578
176200 176589
176300 176581
176400 176604
176500 176598
176600 176601
176700 176605
176800 176576
176900 176573
177000 176575
177100 176581
177200 176576
177300 176579
177400 176579
177500 176577
177600 176577
177700 176561
177800 176572
177900 176572
178000 176558
178100 176540
178200 176550
178300 176535
178400 176536
178500 176499
178600 176496
178700 176483
178800 176492
178900 176500
179000 176489
179100 176471
179200 176465
179300 176439
179400 176446
179500 176438
179600 176459
179700 176440
179800 176427
179900 176434
180000 176427
180100 176430
180200 176412
180300 176388
180400 176392
180500 176394
180600 176377
180700 176369
180800 176356
180900 176342
181000 176353
181100 176323
181200 176305
181300 176299
181400 176271
181500 176272
181600 176265
181700 176261
181800 176243
181900 176234
182000 176207
182100 176192
182200 176203
182300 176213
182400 176220
182500 176206
182600 176207
182700 176221
182800 176224
182900 176203
183000 176189
183100 176199
183200 176187
183300 176189
183400 176201
183500 176181
183600 176164
183700 176175
183800 176162
183900 176176
184000 176155
184100 176176
184200 176197
184300 176188
184400 176170
184500 176158
184600 176154
184700 176140
184800 176152
184900 176141
185000 176163
185100 176175
185200 176169
185300 176183
185400 176179
185500 176171
185600 176152
185700 176171
185800 176164
185900 176172
186000 176172
186100 176175
186200 176164
186300 176170
186400 176152
186500 176176
186600 176175
186700 176175
186800 176174
186900 176158
187000 176168
187100 176166
187200 176177
187300 176151
187400 176161
187500 176160
187600 176175
187700 176195
187800 176198
187900 176223
188000 176202
188100 176218
188200 176229
188300 176218
188400 176210
188500 176201
188600 176219
188700 176211
188800 176205
188900 176215
189000 176227
189100 176213
189200 176210
189300 176192
189400 176160
189500 176152
189600 176170
189700 176168
189800 176167
189900 176170
190000 176162
190100 176156
190200 176160
190300 176158
190400 176173
190500 176165
190600 176157
190700 176150
190800 176156
190900 176150
191000 176168
191100 176182
191200 176197
191300 176180
191400 176175
191500 176180
191600 176208
191700 176216
191800 176201
191900 176208
192000 176212
192100 176218
192200 176193
192300 176204
192400 176200
192500 176189
192600 176173
192700 176163
192800 176154
192900 176144
193000 176144
193100 176135
193200 176139
193300 176156
193400 176162
193500 176128
193600 176133
193700 176126
193800 176142
193900 176131
194000 176118
194100 176119
194200 176109
194300 176095
194400 176104
194500 176117
194600 176105
194700 176127
194800 176099
194900 176087
195000 176092
195100 176112
195200 176107
195300 176102
195400 176097
195500 176075
195600 176083
195700 176081
195800 176093
195900 176094
196000 176082
196100 176071
196200 176063
196300 176059
196400 176056
196500 176048
196600 176048
196700 176069
196800 176073
196900 176066
197000 176079
197100 176056
197200 176037
197300 176052
197400 176067
197500 176057
197600 176082
197700 176063
197800 176061
197900 176086
198000 176101
198100 176094
198200 176090
198300 176104
198400 176119
198500 176135
198600 176140
198700 176121
198800 176134
198900 176143
199000 176142
199100 176134
199200 176130
199300 176146
199400 176140
199500 176127
199600 176158
199700 176130
199800 176139
199900 176128
200000 176111
200100 176116
200200 176112
200300 176091
200400 176072
200500 176078
200600 176071
200700 176067
200800 176066
200900 176070
201000 176061
201100 176074
201200 176065
201300 176057
201400 176059
201500 176056
201600 176054
201700 176032
201800 176021
201900 176043
202000 176042
202100 176044
202200 176045
202300 176056
202400 176057
202500 176050
202600 176042
202700 176036
202800 176044
202900 176036
203000 176021
203100 176020
203200 176035
203300 176028
203400 176035
203500 176022
203600 176031
203700 176044
203800 176043
203900 176012
204000 176008
204100 176001
204200 175999
204300 176006
204400 176003
204500 175992
204600 175992
204700 176006
204800 175993
204900 176003
205000 176005
205100 175991
205200 175986
205300 175992
205400 176003
205500 175994
205600 176001
205700 175980
205800 175975
205900 175962
206000 175974
206100 175949
206200 175935
206300 175929
206400 175917
206500 175919
206600 175920
206700 175909
206800 175896
206900 175913
207000 175897
207100 175903
207200 175889
207300 175879
207400 175867
207500 175880
207600 175869
207700 175900
207800 175910
207900 175910
208000 175909
208100 175915
208200 175930
208300 175938
208400 175942
208500 175944
208600 175961
208700 175951
208800 175931
208900 175919
209000 175909
209100 175925
209200 175927
209300 175909
209400 175907
209500 175915
209600 175924
209700 175932
209800 175920
209900 175917
210000 175917
210100 175916
210200 175924
210300 175917
210400 175921
210500 175943
210600 175953
210700 175965
210800 175975
210900 175967
211000 175958
211100 175943
211200 175942
211300 175935
211400 175926
211500 175919
211600 175919
211700 175904
211800 175912
211900 175897
212000 175919
212100 175909
212200 175924
212300 175938
212400 175948
212500 175939
212600 175935
212700 175928
212800 175935
212900 175945
213000 175946
213100 175943
213200 175923
213300 175935
213400 175928
213500 175930
213600 175932
213700 175943
213800 175925
213900 175902
214000 175885
214100 175866
214200 175857
214300 175853
214400 175858
214500 175881
214600 175886
214700 175900
214800 175892
214900 175924
215000 175892
215100 175872
215200 175866
215300 175870
215400 175883
215500 175867
215600 175870
215700 175888
215800 175890
215900 175891
216000 175914
216100 175942
216200 175930
216300 175934
216400 175931
216500 175915
216600 175908
216700 175906
216800 175902
216900 175900
217000 175912
217100 175895
217200 175887
217300 175910
217400 175886
217500 175890
217600 175894
217700 175899
217800 175887
217900 175867
218000 175860
218100 175861
218200 175848
218300 175848
218400 175848
218500 175844
218600 175850
218700 175854
218800 175845
218900 175833
219000 175839
219100 175846
219200 175836
219300 175838
219400 175815
219500 175814
219600 175812
219700 175819
219800 175822
219900 175797
220000 175802
220100 175810
220200 175819
220300 175814
220400 175817
220500 175826
220600 175836
220700 175836
220800 175836
220900 175806
221000 175824
221100 175866
221200 175854
221300 175835
221400 175859
221500 175849
221600 175855
221700 175852
221800 175860
221900 175850
222000 175847
222100 175843
222200 175824
222300 175847
222400 175834
222500 175822
222600 175812
222700 175824
222800 175844
222900 175836
223000 175823
223100 175815
223200 175804
223300 175805
223400 175810
223500 175800
223600 175803
223700 175803
223800 175785
223900 175783
224000 175802
224100 175777
224200 175796
224300 175815
224400 175762
224500 175777
224600 175798
224700 175819
224800 175809
224900 175792
225000 175797
225100 175803
225200 175795
225300 175785
225400 175782
225500 175774
225600 175779
225700 175772
225800 175782
225900 175772
226000 175750
226100 175744
226200 175748
226300 175747
226400 175727
226500 175722
226600 175725
226700 175718
226800 175722
226900 175704
227000 175723
227100 175726
227200 175728
227300 175722
227400 175721
227500 175737
227600 175754
227700 175756
227800 175744
227900 175754
228000 175755
228100 175759
228200 175768
228300 175773
228400 175745
228500 175761
228600 175724
228700 175711
228800 175729
228900 175736
229000 175741
229100 175750
229200 175723
229300 175730
229400 175737
229500 175726
229600 175711
229700 175713
229800 175700
229900 175690
230000 175685
230100 175652
230200 175667
230300 175671
230400 175654
230500 175645
230600 175625
230700 175631
230800 175619
230900 175630
231000 175643
231100 175660
231200 175702
231300 175699
231400 175708
231500 175700
231600 175709
231700 175721
231800 175710
231900 175694
232000 175681
232100 175682
232200 175689
232300 175686
232400 175715
232500 175681
232600 175681
232700 175706
232800 175702
232900 175711
233000 175718
233100 175726
233200 175716
233300 175721
233400 175729
233500 175711
233600 175695
233700 175691
233800 175710
233900 175735
234000 175765
234100 175755
234200 175750
234300 175740
234400 175738
234500 175747
234600 175743
234700 175737
234800 175735
234900 175747
235000 175751
235100 175750
235200 175736
235300 175752
235400 175750
235500 175730
235600 175717
235700 175705
235800 175679
235900 175652
236000 175640
236100 175651
236200 175650
236300 175647
236400 175654
236500 175651
236600 175670
236700 175679
236800 175680
236900 175676
237000 175668
237100 175679
237200 175684
237300 175704
237400 175717
237500 175712
237600 175700
237700 175689
237800 175678
237900 175699
238000 175705
238100 175705
238200 175703
238300 175721
238400 175737
238500 175724
238600 175731
238700 175713
238800 175733
238900 175726
239000 175719
239100 175722
239200 175707
239300 175687
239400 175668
239500 175663
239600 175666
239700 175679
239800 175656
239900 175642
240000 175664
240100 175669
240200 175670
240300 175679
240400 175693
240500 175689
240600 175685
240700 175671
240800 175657
240900 175634
241000 175650
241100 175657
241200 175664
241300 175673
241400 175669
241500 175683
241600 175695
241700 175675
241800 175687
241900 175675
242000 175690
242100 175694
242200 175697
242300 175691
242400 175691
242500 175681
242600 175673
242700 175645
242800 175645
242900 175638
243000 175639
243100 175610
243200 175591
243300 175621
243400 175628
243500 175638
243600 175619
243700 175602
243800 175594
243900 175608
244000 175591
244100 175576
244200 175561
244300 175549
244400 175557
244500 175557
244600 175558
244700 175567
244800 175572
244900 175567
245000 175583
245100 175576
245200 175581
245300 175569
245400 175565
245500 175558
245600 175542
245700 175533
245800 175527
245900 175526
246000 175532
246100 175509
246200 175512
246300 175503
246400 175513
246500 175510
246600 175519
246700 175524
246800 175506
246900 175481
247000 175495
247100 175511
247200 175503
247300 175505
247400 175498
247500 175498
247600 175478
247700 175502
247800 175491
247900 175481
248000 175465
248100 175462
248200 175443
248300 175450
248400 175451
248500 175439
248600 175429
248700 175435
248800 175433
248900 175413
249000 175418
249100 175421
249200 175405
249300 175429
249400 175426
249500 175418
249600 175411
249700 175429
249800 175424
249900 175421
250000 175424
250100 175424
250200 175433
250300 175446
250400 175430
250500 175452
250600 175455
250700 175451
250800 175447
250900 175448
251000 175433
251100 175461
251200 175461
251300 175468
251400 175461
251500 175453
251600 175438
251700 175417
251800 175423
251900 175400
252000 175399
252100 175389
252200 175388
252300 175377
252400 175377
252500 175372
252600 175367
252700 175371
252800 175367
252900 175378
253000 175381
253100 175395
253200 175393
253300 175398
253400 175393
253500 175387
253600 175362
253700 175375
253800 175371
253900 175383
254000 175376
254100 175349
254200 175373
254300 175386
254400 175382
254500 175371
254600 175346
254700 175366
254800 175358
254900 175367
255000 175373
255100 175367
255200 175366
255300 175381
255400 175368
255500 175369
255600 175370
255700 175377
255800 175388
255900 175388
256000 175376
256100 175363
256200 175354
256300 175354
256400 175367
256500 175353
256600 175379
256700 175377
256800 175383
256900 175368
257000 175363
257100 175361
257200 175338
257300 175355
257400 175354
257500 175360
257600 175379
257700 175367
257800 175368
257900 175394
258000 175381
258100 175390
258200 175395
258300 175394
258400 175405
258500 175409
258600 175407
258700 175380
258800 175407
258900 175421
259000 175398
259100 175377
259200 175374
259300 175372
259400 175361
259500 175356
259600 175353
259700 175332
259800 175355
259900 175359
260000 175356
260100 175375
260200 175377
260300 175396
260400 175392
260500 175396
260600 175409
260700 175385
260800 175386
260900 175390
261000 175391
261100 175385
261200 175379
261300 175384
261400 175380
261500 175390
261600 175398
261700 175404
261800 175404
261900 175384
262000 175418
262100 175432
262200 175409
262300 175412
262400 175412
262500 175401
262600 175411
262700 175400
262800 175423
262900 175405
263000 175424
263100 175437
263200 175409
263300 175426
263400 175423
263500 175430
263600 175439
263700 175447
263800 175457
263900 175463
264000 175492
264100 175499
264200 175491
264300 175510
264400 175507
264500 175498
264600 175514
264700 175532
264800 175510
264900 175524
265000 175509
265100 175517
265200 175520
265300 175509
265400 175504
265500 175513
265600 175511
265700 175507
265800 175501
265900 175482
266000 175479
266100 175487
266200 175497
266300 175495
266400 175512
266500 175525
266600 175549
266700 175544
266800 175547
266900 175538
267000 175571
267100 175570
267200 175579
267300 175573
267400 175582
267500 175568
267600 175544
267700 175529
267800 175493
267900 175492
268000 175491
268100 175496
268200 175506
268300 175508
268400 175532
268500 175530
268600 175528
268700 175530
268800 175513
268900 175515
269000 175504
269100 175487
269200 175473
269300 175484
269400 175475
269500 175482
269600 175478
269700 175483
269800 175475
269900 175464
270000 175473
270100 175464
270200 175469
270300 175465
270400 175473
270500 175474
270600 175480
270700 175474
270800 175462
270900 175446
271000 175461
271100 175470
271200 175459
271300 175451
271400 175421
271500 175441
271600 175419
271700 175426
271800 175437
271900 175464
272000 175448
272100 175444
272200 175442
272300 175420
272400 175399
272500 175394
272600 175382
272700 175397
272800 175389
272900 175379
273000 175370
273100 175367
273200 175348
273300 175339
273400 175326
273500 175329
273600 175329
273700 175335
273800 175308
273900 175332
274000 175333
274100 175320
274200 175297
274300 175287
274400 175281
274500 175263
274600 175253
274700 175252
274800 175276
274900 175296
275000 175295
275100 175303
275200 175306
275300 175313
275400 175307
275500 175312
275600 175341
275700 175317
275800 175330
275900 175354
276000 175359
276100 175363
276200 175347
276300 175346
276400 175357
276500 175346
276600 175350
276700 175351
276800 175352
276900 175328
277000 175329
277100 175339
277200 175332
277300 175336
277400 175347
277500 175336
277600 175328
277700 175305
277800 175300
277900 175299
278000 175306
278100 175309
278200 175302
278300 175321
278400 175325
278500 175362
278600 175333
278700 175319
278800 175297
278900 175306
279000 175293
279100 175310
279200 175326
279300 175312
279400 175279
279500 175286
279600 175294
279700 175298
279800 175294
279900 175304
280000 175314
280100 175300
280200 175286
280300 175272
280400 175256
280500 175254
280600 175264
280700 175254
280800 175241
280900 175232
281000 175253
281100 175254
281200 175263
281300 175254
281400 175237
281500 175234
281600 175250
281700 175255
281800 175245
281900 175249
282000 175258
282100 175253
282200 175233
282300 175226
282400 175217
282500 175216
282600 175218
282700 175220
282800 175230
282900 175221
283000 175215
283100 175205
283200 175210
283300 175204
283400 175202
283500 175174
283600 175181
283700 175169
283800 175200
283900 175194
284000 175196
284100 175216
284200 175207
284300 175223
284400 175217
284500 175211
284600 175204
284700 175217
284800 175223
284900 175218
285000 175210
285100 175208
285200 175204
285300 175190
285400 175196
285500 175207
285600 175204
285700 175181
285800 175189
285900 175185
286000 175194
286100 175195
286200 175192
286300 175190
286400 175157
286500 175161
286600 175153
286700 175139
286800 175131
286900 175135
287000 175140
287100 175163
287200 175160
287300 175154
287400 175146
287500 175137
287600 175148
287700 175142
287800 175159
287900 175160
288000 175157
288100 175163
288200 175162
288300 175153
288400 175171
288500 175190
288600 175214
288700 175223
288800 175226
288900 175224
289000 175247
289100 175247
289200 175235
289300 175203
289400 175195
289500 175202
289600 175200
289700 175193
289800 175193
289900 175193
290000 175174
290100 175124
290200 175117
290300 175093
290400 175062
290500 175059
290600 175040
290700 175043
290800 175073
290900 175078
291000 175093
291100 175102
291200 175124
291300 175131
291400 175125
291500 175127
291600 175123
291700 175125
291800 175109
291900 175110
292000 175096
292100 175106
292200 175116
292300 175127
292400 175114
292500 175134
292600 175126
292700 175142
292800 175150
292900 175146
293000 175138
293100 175139
293200 175125
293300 175119
293400 175102
293500 175096
293600 175094
293700 175085
293800 175100
293900 175108
294000 175130
294100 175129
294200 175132
294300 175106
294400 175114
294500 175108
294600 175120
294700 175116
294800 175127
294900 175137
295000 175140
295100 175140
295200 175173
295300 175184
295400 175180
295500 175174
295600 175167
295700 175177
295800 175176
295900 175194
296000 175198
296100 175196
296200 175170
296300 175160
296400 175166
296500 175154
296600 175150
296700 175140
296800 175150
296900 175125
297000 175125
297100 175135
297200 175119
297300 175089
297400 175113
297500 175103
297600 175112
297700 175098
297800 175086
297900 175065
298000 175042
298100 175058
298200 175062
298300 175072
298400 175093
298500 175086
298600 175093
298700 175077
298800 175103
298900 175114
299000 175126
299100 175129
299200 175141
299300 175148
299400 175158
299500 175153
299600 175149
299700 175153
299800 175145
299900 175128
300000 175110
300100 175111
300200 175092
300300 175093
300400 175078
300500 175092
300600 175081
300700 175074
300800 175087
300900 175092
301000 175114
301100 175119
301200 175140
301300 175151
301400 175151
301500 175147
301600 175128
301700 175104
301800 175110
301900 175085
302000 175086
302100 175079
302200 175080
302300 175073
302400 175086
302500 175083
302600 175094
302700 175093
302800 175094
302900 175087
303000 175097
303100 175118
303200 175096
303300 175082
303400 175073
303500 175046
303600 175045
303700 175043
303800 175057
303900 175077
304000 175051
304100 175046
304200 175046
304300 175069
304400 175060
304500 175064
304600 175075
304700 175062
304800 175049
304900 175043
305000 175026
305100 175028
305200 175044
305300 175053
305400 175051
305500 175051
305600 175069
305700 175058
305800 175052
305900 175048
306000 175033
306100 175036
306200 175039
306300 175021
306400 175011
306500 175011
306600 175040
306700 175027
306800 175033
306900 175049
307000 175038
307100 175040
307200 175039
307300 175051
307400 175077
307500 175072
307600 175098
307700 175091
307800 175065
307900 175061
308000 175040
308100 175058
308200 175062
308300 175055
308400 175046
308500 175028
308600 175029
308700 175020
308800 175012
308900 175030
309000 175028
309100 175034
309200 175036
309300 175038
309400 175045
309500 175036
309600 175023
309700 175027
309800 175015
309900 175002
310000 175019
310100 175021
310200 174999
310300 174987
310400 174998
310500 175003
310600 174981
310700 174987
310800 174985
310900 174986
311000 174980
311100 174977
311200 174976
311300 174970
311400 174957
311500 174953
311600 174947
311700 174946
311800 174933
311900 174950
312000 174953
312100 174955
312200 174963
312300 174956
312400 174960
312500 174969
312600 174966
312700 174985
312800 174968
312900 174958
313000 174967
313100 174956
313200 174958
313300 174964
313400 174965
313500 174958
313600 174962
313700 174978
313800 174974
313900 174980
314000 174992
314100 175004
314200 175003
314300 175001
314400 175010
314500 175013
314600 175028
314700 175017
314800 175012
314900 175012
315000 175020
315100 175009
315200 175024
315300 175012
315400 175017
315500 174988
315600 174976
315700 174971
315800 174977
315900 174975
316000 174983
316100 174988
316200 175005
316300 175001
316400 175001
316500 175000
316600 174989
316700 175001
316800 175008
316900 175005
317000 175003
317100 175005
317200 175015
317300 175007
317400 174992
317500 174976
317600 174987
317700 174976
317800 174950
317900 174940
318000 174942
318100 174937
318200 174945
318300 174958
318400 174971
318500 174959
318600 174969
318700 174961
318800 174937
318900 174937
319000 174931
319100 174920
319200 174931
319300 174932
319400 174946
319500 174943
319600 174955
319700 174961
319800 174953
319900 174961
320000 174951
320100 174951
320200 174968
320300 174959
320400 174959
320500 174951
320600 174962
320700 174929
320800 174934
320900 174952
321000 174963
321100 174979
321200 174953
321300 174946
321400 174930
321500 174925
321600 174915
321700 174913
321800 174900
321900 174893
322000 174893
322100 174892
322200 174896
322300 174897
322400 174898
322500 174902
322600 174935
322700 174951
322800 174933
322900 174937
323000 174909
323100 174921
323200 174902
323300 174903
323400 174914
323500 174885
323600 174887
323700 174914
323800 174908
323900 174900
324000 174893
324100 174886
324200 174899
324300 174911
324400 174900
324500 174913
324600 174952
324700 174953
324800 174940
324900 174945
325000 174940
325100 174946
325200 174949
325300 174933
325400 174969
325500 174970
325600 174977
325700 174976
325800 174983
325900 174971
326000 174971
326100 174983
326200 174969
326300 174987
326400 174987
326500 174969
326600 174968
326700 174948
326800 174977
326900 174949
327000 174956
327100 174939
327200 174940
327300 174959
327400 174959
327500 174968
327600 174953
327700 174977
327800 174976
327900 174978
328000 174981
328100 174989
328200 174991
328300 174993
328400 174973
328500 174965
328600 174955
328700 174958
328800 174950
328900 174947
329000 174928
329100 174920
329200 174899
329300 174902
329400 174915
329500 174936
329600 174938
329700 174933
329800 174944
329900 174932
330000 174916
330100 174914
330200 174914
330300 174930
330400 174920
330500 174916
330600 174913
330700 174920
330800 174918
330900 174923
331000 174927
331100 174921
331200 174915
331300 174894
331400 174916
331500 174905
331600 174900
331700 174919
331800 174936
331900 174931
332000 174948
332100 174954
332200 174957
332300 174971
332400 174974
332500 174941
332600 174939
332700 174939
332800 174972
332900 174982
333000 174976
333100 174968
333200 174971
333300 174968
333400 174970
333500 174958
333600 174967
333700 174978
333800 174969
333900 174972
334000 174987
334100 174981
334200 174973
334300 174960
334400 174953
334500 174958
334600 174956
334700 174962
334800 174960
334900 174982
335000 174996
335100 174995
335200 174997
335300 174974
335400 174976
335500 174973
335600 174984
335700 174982
335800 174968
335900 174962
336000 174965
336100 174974
336200 174993
336300 174990
336400 175004
336500 175003
336600 175020
336700 175040
336800 175046
336900 175042
337000 175065
337100 175040
337200 175067
337300 175066
337400 175058
337500 175057
337600 175064
337700 175073
337800 175073
337900 175062
338000 175070
338100 175058
338200 175050
338300 175057
338400 175069
338500 175069
338600 175078
338700 175089
338800 175121
338900 175120
339000 175122
339100 175113
339200 175093
339300 175082
339400 175081
339500 175093
339600 175115
339700 175104
339800 175103
339900 175107
340000 175093
340100 175120
340200 175122
340300 175148
340400 175159
340500 175159
340600 175149
340700 175169
340800 175162
340900 175172
341000 175173
341100 175161
341200 175175
341300 175172
341400 175168
341500 175158
341600 175145
341700 175190
341800 175197
341900 175180
342000 175162
342100 175158
342200 175154
342300 175153
342400 175151
342500 175145
342600 175137
342700 175137
342800 175112
342900 175132
343000 175130
343100 175120
343200 175101
343300 175093
343400 175075
343500 175091
343600 175080
343700 175090
343800 175077
343900 175091
344000 175089
344100 175080
344200 175078
344300 175089
344400 175062
344500 175055
344600 175057
344700 175046
344800 175064
344900 175045
345000 175031
345100 175033
345200 175027
345300 175035
345400 175031
345500 175025
345600 175012
345700 175000
345800 174988
345900 174987
346000 174987
346100 174998
346200 175005
346300 174998
346400 175011
346500 175016
346600 174997
346700 174991
346800 175012
346900 174993
347000 174997
347100 174978
347200 174983
347300 174997
347400 174981
347500 174980
347600 174948
347700 174958
347800 174949
347900 174944
348000 174939
348100 174950
348200 174929
348300 174943
348400 174944
348500 174950
348600 174973
348700 174980
348800 174972
348900 174960
349000 174946
349100 174940
349200 174931
349300 174939
349400 174927
349500 174927
349600 174916
349700 174920
349800 174920
349900 174917
350000 174900
350100 174896
350200 174872
350300 174877
350400 174866
350500 174892
350600 174924
350700 174916
350800 174916
350900 174910
351000 174927
351100 174933
351200 174906
351300 174897
351400 174871
351500 174852
351600 174854
351700 174859
351800 174883
351900 174863
352000 174869
352100 174870
352200 174860
352300 174849
352400 174851
352500 174832
352600 174824
352700 174818
352800 174811
352900 174813
353000 174808
353100 174827
353200 174842
353300 174852
353400 174837
353500 174848
353600 174862
353700 174877
353800 174878
353900 174863
354000 174859
354100 174863
354200 174861
354300 174863
354400 174855
354500 174853
354600 174847
354700 174851
354800 174862
354900 174844
355000 174868
355100 174863
355200 174876
355300 174874
355400 174909
355500 174913
355600 174917
355700 174921
355800 174924
355900 174914
356000 174909
356100 174896
356200 174916
356300 174902
356400 174886
356500 174914
356600 174921
356700 174909
356800 174914
356900 174930
357000 174942
357100 174926
357200 174926
357300 174922
357400 174894
357500 174887
357600 174870
357700 174881
357800 174849
357900 174840
358000 174814
358100 174828
358200 174810
358300 174810
358400 174788
358500 174808
358600 174816
358700 174798
358800 174807
358900 174807
359000 174805
359100 174805
359200 174783
359300 174793
359400 174800
359500 174792
359600 174800
359700 174796
359800 174788
359900 174758
360000 174723
360100 174736
360200 174729
360300 174710
360400 174726
360500 174740
360600 174750
360700 174746
360800 174742
360900 174768
361000 174791
361100 174795
361200 174828
361300 174815
361400 174831
361500 174831
361600 174825
361700 174816
361800 174808
361900 174816
362000 174834
362100 174815
362200 174808
362300 174797
362400 174833
362500 174830
362600 174831
362700 174814
362800 174818
362900 174824
363000 174826
363100 174849
363200 174833
363300 174818
363400 174811
363500 174817
363600 174822
363700 174802
363800 174815
363900 174829
364000 174861
364100 174862
364200 174879
364300 174907
364400 174895
364500 174900
364600 174897
364700 174896
364800 174884
364900 174878
365000 174870
365100 174871
365200 174881
365300 174900
365400 174884
365500 174882
365600 174893
365700 174876
365800 174893
365900 174890
366000 174920
366100 174890
366200 174893
366300 174910
366400 174909
366500 174884
366600 174869
366700 174840
366800 174846
366900 174859
367000 174862
367100 174865
367200 174850
367300 174826
367400 174816
367500 174816
367600 174798
367700 174811
367800 174821
367900 174827
368000 174832
368100 174805
368200 174795
368300 174785
368400 174779
368500 174795
368600 174770
368700 174766
368800 174763
368900 174758
369000 174753
369100 174746
369200 174741
369300 174757
369400 174776
369500 174788
369600 174786
369700 174783
369800 174753
369900 174751
370000 174740
370100 174734
370200 174722
370300 174736
370400 174751
370500 174743
370600 174757
370700 174761
370800 174761
370900 174743
371000 174733
371100 174722
371200 174713
371300 174706
371400 174715
371500 174688
371600 174690
371700 174701
371800 174700
371900 174706
372000 174739
372100 174750
372200 174764
372300 174769
372400 174788
372500 174784
372600 174773
372700 174759
372800 174763
372900 174755
373000 174741
373100 174722
373200 174750
373300 174749
373400 174731
373500 174728
373600 174718
373700 174719
373800 174711
373900 174728
374000 174749
374100 174755
374200 174739
374300 174726
374400 174750
374500 174742
374600 174723
374700 174741
374800 174738
374900 174744
375000 174748
375100 174728
375200 174694
375300 174679
375400 174669
375500 174657
375600 174662
375700 174646
375800 174645
375900 174613
376000 174635
376100 174645
376200 174638
376300 174628
376400 174627
376500 174625
376600 174634
376700 174615
376800 174594
376900 174577
377000 174579
377100 174564
377200 174606
377300 174609
377400 174581
377500 174571
377600 174558
377700 174564
377800 174589
377900 174582
378000 174554
378100 174556
378200 174550
378300 174550
378400 174545
378500 174518
378600 174490
378700 174494
378800 174495
378900 174473
379000 174470
379100 174469
379200 174482
379300 174483
379400 174463
379500 174475
379600 174467
379700 174467
379800 174475
379900 174458
380000 174483
380100 174481
380200 174494
380300 174501
380400 174500
380500 174499
380600 174514
380700 174533
380800 174548
380900 174548
381000 174553
381100 174567
381200 174565
381300 174577
381400 174584
381500 174575
381600 174583
381700 174565
381800 174579
381900 174585
382000 174573
382100 174582
382200 174588
382300 174597
382400 174586
382500 174563
382600 174567
382700 174559
382800 174553
382900 174555
383000 174558
383100 174565
383200 174552
383300 174541
383400 174541
383500 174551
383600 174542
383700 174575
383800 174554
383900 174550
384000 174564
384100 174568
384200 174562
384300 174562
384400 174552
384500 174546
384600 174535
384700 174536
384800 174560
384900 174561
385000 174573
385100 174582
385200 174584
385300 174586
385400 174572
385500 174560
385600 174550
385700 174531
385800 174536
385900 174530
386000 174512
386100 174519
386200 174531
386300 174541
386400 174529
386500 174530
386600 174524
386700 174512
386800 174516
386900 174514
387000 174522
387100 174512
387200 174530
387300 174541
387400 174553
387500 174576
387600 174602
387700 174589
387800 174595
387900 174592
388000 174582
388100 174592
388200 174568
388300 174585
388400 174612
388500 174603
388600 174573
388700 174553
388800 174549
388900 174562
389000 174553
389100 174551
389200 174558
389300 174558
389400 174550
389500 174560
389600 174556
389700 174577
389800 174572
389900 174562
390000 174585
390100 174587
390200 174577
390300 174584
390400 174585
390500 174594
390600 174603
390700 174590
390800 174582
390900 174585
391000 174575
391100 174607
391200 174613
391300 174625
391400 174614
391500 174618
391600 174604
391700 174619
391800 174633
391900 174647
392000 174683
392100 174694
392200 174691
392300 174705
392400 174693
392500 174686
392600 174688
392700 174677
392800 174660
392900 174684
393000 174670
393100 174657
393200 174633
393300 174629
393400 174616
393500 174626
393600 174612
393700 174606
393800 174606
393900 174629
394000 174630
394100 174621
394200 174634
394300 174613
394400 174643
394500 174662
394600 174654
394700 174661
394800 174652
394900 174680
395000 174672
395100 174662
395200 174649
395300 174633
395400 174656
395500 174668
395600 174662
395700 174648
395800 174643
395900 174642
396000 174659
396100 174659
396200 174653
396300 174658
396400 174673
396500 174657
396600 174641
396700 174639
396800 174623
396900 174637
397000 174636
397100 174625
397200 174621
397300 174609
397400 174621
397500 174615
397600 174625
397700 174627
397800 174633
397900 174628
398000 174619
398100 174603
398200 174620
398300 174610
398400 174607
398500 174582
398600 174626
398700 174619
398800 174606
398900 174603
399000 174607
399100 174628
399200 174638
399300 174614
399400 174599
399500 174632
399600 174631
399700 174631
399800 174623
399900 174621
