0 -627552
100 -627569
200 -627594
300 -627584
400 -627647
500 -627630
600 -627670
700 -627747
800 -627772
900 -627866
1000 -627860
1100 -627919
1200 -627961
1300 -628008
1400 -628061
1500 -628105
1600 -628127
1700 -628147
1800 -628213
1900 -628307
2000 -628402
2100 -628462
2200 -628472
2300 -628520
2400 -628594
2500 -628649
2600 -628712
2700 -628750
2800 -628815
2900 -628864
3000 -628882
3100 -628920
3200 -628990
3300 -629064
3400 -629134
3500 -629181
3600 -629178
3700 -629206
3800 -629213
3900 -629263
4000 -629365
4100 -629409
4200 -629512
4300 -629542
4400 -629624
4500 -629703
4600 -629798
4700 -629885
4800 -629991
4900 -630065
5000 -630099
5100 -630181
5200 -630289
5300 -630395
5400 -630459
5500 -630559
5600 -630658
5700 -630720
5800 -630792
5900 -630888
6000 -630944
6100 -631009
6200 -631153
6300 -631271
6400 -631346
6500 -631461
6600 -631516
6700 -631595
6800 -631678
6900 -631775
7000 -631932
7100 -631983
7200 -632088
7300 -632229
7400 -632348
7500 -632416
7600 -632483
7700 -632599
7800 -632724
7900 -632799
8000 -632849
8100 -632903
8200 -632998
8300 -633130
8400 -633212
8500 -633311
8600 -633382
8700 -633484
8800 -633610
8900 -633748
9000 -633883
9100 -634061
9200 -634170
9300 -634287
9400 -634389
9500 -634455
9600 -634514
9700 -634659
9800 -634803
9900 -634978
10000 -635047
10100 -635162
10200 -635269
10300 -635427
10400 -635522
10500 -635664
10600 -635812
10700 -635873
10800 -635987
10900 -636139
11000 -636242
11100 -636423
11200 -636546
11300 -636682
11400 -636764
11500 -636848
11600 -636939
11700 -637026
11800 -637143
11900 -637292
12000 -637425
12100 -637540
12200 -637646
12300 -637828
12400 -637886
12500 -637977
12600 -638043
12700 -638184
12800 -638298
12900 -638353
13000 -638476
13100 -638539
13200 -638652
13300 -638770
13400 -638861
13500 -638958
13600 -639042
13700 -639135
13800 -639262
13900 -639390
14000 -639510
14100 -639616
14200 -639754
14300 -639904
14400 -640029
14500 -640168
14600 -640295
14700 -640470
14800 -640525
14900 -640639
15000 -640828
15100 -640899
15200 -641015
15300 -641106
15400 -641219
15500 -641352
15600 -641499
15700 -641584
15800 -641709
15900 -641807
16000 -641947
16100 -642035
16200 -642173
16300 -642340
16400 -642459
16500 -642570
16600 -642693
16700 -642824
16800 -642926
16900 -643112
17000 -643197
17100 -643306
17200 -643405
17300 -643475
17400 -643645
17500 -643754
17600 -643853
17700 -644008
17800 -644124
17900 -644247
18000 -644343
18100 -644484
18200 -644620
18300 -644772
18400 -644927
18500 -645063
18600 -645171
18700 -645217
18800 -645324
18900 -645460
19000 -645572
19100 -645643
19200 -645711
19300 -645802
19400 -645907
19500 -646028
19600 -646108
19700 -646240
19800 -646308
19900 -646437
20000 -646539
20100 -646633
20200 -646761
20300 -646862
20400 -646996
20500 -647147
20600 -647265
20700 -647421
20800 -647546
20900 -647653
21000 -647835
21100 -647940
21200 -648056
21300 -648236
21400 -648365
21500 -648476
21600 -648600
21700 -648688
21800 -648783
21900 -648954
22000 -649080
22100 -649185
22200 -649323
22300 -649383
22400 -649494
22500 -649604
22600 -649677
22700 -649786
22800 -649893
22900 -650023
23000 -650145
23100 -650277
23200 -650360
23300 -650488
23400 -650665
23500 -650765
23600 -650932
23700 -651009
23800 -651133
23900 -651260
24000 -651382
24100 -651508
24200 -651638
24300 -651747
24400 -651920
24500 -652106
24600 -652194
24700 -652282
24800 -652375
24900 -652500
25000 -652610
25100 -652760
25200 -652926
25300 -653020
25400 -653106
25500 -653210
25600 -653284
25700 -653372
25800 -653478
25900 -653614
26000 -653689
26100 -653820
26200 -653925
26300 -654016
26400 -654083
26500 -654224
26600 -654295
26700 -654377
26800 -654461
26900 -654589
27000 -654675
27100 -654820
27200 -654973
27300 -655099
27400 -655240
27500 -655370
27600 -655390
27700 -655458
27800 -655591
27900 -655727
28000 -655853
28100 -655964
28200 -656072
28300 -656213
28400 -656359
28500 -656426
28600 -656559
28700 -656684
28800 -656818
28900 -656926
29000 -657034
29100 -657122
29200 -657201
29300 -657345
29400 -657451
29500 -657571
29600 -657751
29700 -657829
29800 -657959
29900 -658105
30000 -658238
30100 -658341
30200 -658451
30300 -658528
30400 -658670
30500 -658750
30600 -658860
30700 -658961
30800 -659074
30900 -659221
31000 -659373
31100 -659522
31200 -659617
31300 -659701
31400 -659828
31500 -659923
31600 -660033
31700 -660144
31800 -660259
31900 -660414
32000 -660528
32100 -660598
32200 -660724
32300 -660880
32400 -660969
32500 -661026
32600 -661166
32700 -661316
32800 -661416
32900 -661530
33000 -661667
33100 -661787
33200 -661933
33300 -662028
33400 -662138
33500 -662242
33600 -662351
33700 -662513
33800 -662596
33900 -662690
34000 -662831
34100 -662974
34200 -663054
34300 -663157
34400 -663246
34500 -663313
34600 -663411
34700 -663549
34800 -663669
34900 -663787
35000 -663900
35100 -664041
35200 -664162
35300 -664251
35400 -664342
35500 -664472
35600 -664580
35700 -664700
35800 -664804
35900 -664913
36000 -665023
36100 -665133
36200 -665200
36300 -665325
36400 -665488
36500 -665581
36600 -665676
36700 -665833
36800 -665917
36900 -666033
37000 -666109
37100 -666227
37200 -666332
37300 -666394
37400 -666489
37500 -666617
37600 -666734
37700 -666869
37800 -667030
37900 -667126
38000 -667232
38100 -667368
38200 -667510
38300 -667624
38400 -667721
38500 -667831
38600 -667943
38700 -668051
38800 -668170
38900 -668300
39000 -668402
39100 -668515
39200 -668600
39300 -668695
39400 -668840
39500 -668932
39600 -669083
39700 -669182
39800 -669315
39900 -669429
40000 -669529
40100 -669622
40200 -669688
40300 -669760
40400 -669883
40500 -670029
40600 -670127
40700 -670197
40800 -670267
40900 -670364
41000 -670492
41100 -670579
41200 -670669
41300 -670823
41400 -670928
41500 -671032
41600 -671237
41700 -671335
41800 -671464
41900 -671598
42000 -671693
42100 -671803
42200 -671950
42300 -672121
42400 -672188
42500 -672264
42600 -672378
42700 -672485
42800 -672611
42900 -672791
43000 -672937
43100 -673063
43200 -673148
43300 -673279
43400 -673414
43500 -673536
43600 -673627
43700 -673765
43800 -673891
43900 -674052
44000 -674144
44100 -674210
44200 -674333
44300 -674448
44400 -674561
44500 -674718
44600 -674765
44700 -674883
44800 -674981
44900 -675088
45000 -675208
45100 -675319
45200 -675455
45300 -675554
45400 -675635
45500 -675727
45600 -675872
45700 -675948
45800 -676033
45900 -676115
46000 -676252
46100 -676309
46200 -676422
46300 -676515
46400 -676626
46500 -676700
46600 -676775
46700 -676905
46800 -677027
46900 -677135
47000 -677277
47100 -677345
47200 -677453
47300 -677577
47400 -677691
47500 -677802
47600 -677964
47700 -678069
47800 -678165
47900 -678246
48000 -678368
48100 -678515
48200 -678575
48300 -678663
48400 -678793
48500 -678955
48600 -679108
48700 -679247
48800 -679417
48900 -679520
49000 -679624
49100 -679697
49200 -679813
49300 -679865
49400 -679969
49500 -680037
49600 -680163
49700 -680239
49800 -680374
49900 -680483
50000 -680596
50100 -680706
50200 -680805
50300 -680866
50400 -680961
50500 -681080
50600 -681221
50700 -681281
50800 -681351
50900 -681410
51000 -681522
51100 -681654
51200 -681793
51300 -681907
51400 -682017
51500 -682107
51600 -682179
51700 -682271
51800 -682336
51900 -682430
52000 -682548
52100 -682670
52200 -682775
52300 -682880
52400 -682976
52500 -683074
52600 -683193
52700 -683344
52800 -683542
52900 -683623
53000 -683738
53100 -683836
53200 -683956
53300 -684100
53400 -684226
53500 -684311
53600 -684458
53700 -684600
53800 -684650
53900 -684757
54000 -684807
54100 -684912
54200 -684986
54300 -685087
54400 -685172
54500 -685216
54600 -685330
54700 -685453
54800 -685478
54900 -685597
55000 -685693
55100 -685767
55200 -685878
55300 -685988
55400 -686089
55500 -686190
55600 -686264
55700 -686371
55800 -686486
55900 -686543
56000 -686611
56100 -686668
56200 -686756
56300 -686887
56400 -686999
56500 -687090
56600 -687192
56700 -687242
56800 -687372
56900 -687450
57000 -687564
57100 -687677
57200 -687748
57300 -687805
57400 -687884
57500 -688012
57600 -688094
57700 -688186
57800 -688250
57900 -688362
58000 -688489
58100 -688596
58200 -688705
58300 -688892
58400 -688966
58500 -689061
58600 -689210
58700 -689269
58800 -689399
58900 -689472
59000 -689572
59100 -689703
59200 -689797
59300 -689861
59400 -689915
59500 -690005
59600 -690143
59700 -690272
59800 -690412
59900 -690486
60000 -690615
60100 -690760
60200 -690866
60300 -691014
60400 -691117
60500 -691176
60600 -691329
60700 -691439
60800 -691513
60900 -691657
61000 -691790
61100 -691884
61200 -692002
61300 -692125
61400 -692226
61500 -692316
61600 -692451
61700 -692523
61800 -692595
61900 -692730
62000 -692792
62100 -692879
62200 -693041
62300 -693143
62400 -693285
62500 -693374
62600 -693495
62700 -693555
62800 -693652
62900 -693763
63000 -693825
63100 -693941
63200 -694072
63300 -694192
63400 -694260
63500 -694334
63600 -694451
63700 -694566
63800 -694710
63900 -694821
64000 -694957
64100 -695100
64200 -695237
64300 -695392
64400 -695453
64500 -695568
64600 -695674
64700 -695781
64800 -695865
64900 -695986
65000 -696102
65100 -696257
65200 -696354
65300 -696482
65400 -696560
65500 -696662
65600 -696802
65700 -696888
65800 -697012
65900 -697111
66000 -697182
66100 -697258
66200 -697323
66300 -697475
66400 -697564
66500 -697605
66600 -697742
66700 -697862
66800 -697964
66900 -698049
67000 -698162
67100 -698282
67200 -698312
67300 -698364
67400 -698485
67500 -698555
67600 -698622
67700 -698684
67800 -698782
67900 -698922
68000 -699024
68100 -699062
68200 -699192
68300 -699288
68400 -699363
68500 -699462
68600 -699564
68700 -699627
68800 -699713
68900 -699763
69000 -699882
69100 -699990
69200 -700079
69300 -700114
69400 -700256
69500 -700384
69600 -700462
69700 -700509
69800 -700599
69900 -700726
70000 -700838
70100 -700969
70200 -701064
70300 -701184
70400 -701254
70500 -701406
70600 -701540
70700 -701638
70800 -701742
70900 -701866
71000 -701951
71100 -702038
71200 -702181
71300 -702257
71400 -702328
71500 -702328
71600 -702501
71700 -702665
71800 -702803
71900 -702913
72000 -703058
72100 -703103
72200 -703217
72300 -703328
72400 -703398
72500 -703490
72600 -703568
72700 -703662
72800 -703708
72900 -703806
73000 -703932
73100 -704039
73200 -704133
73300 -704215
73400 -704302
73500 -704416
73600 -704486
73700 -704565
73800 -704708
73900 -704821
74000 -704880
74100 -705037
74200 -705113
74300 -705243
74400 -705392
74500 -705504
74600 -705600
74700 -705702
74800 -705838
74900 -705937
75000 -706039
75100 -706110
75200 -706161
75300 -706266
75400 -706329
75500 -706386
75600 -706555
75700 -706690
75800 -706737
75900 -706857
76000 -706956
76100 -707050
76200 -707137
76300 -707285
76400 -707412
76500 -707524
76600 -707582
76700 -707696
76800 -707807
76900 -707912
77000 -708008
77100 -708133
77200 -708199
77300 -708353
77400 -708431
77500 -708523
77600 -708664
77700 -708835
77800 -708907
77900 -709028
78000 -709131
78100 -709216
78200 -709311
78300 -709413
78400 -709469
78500 -709571
78600 -709614
78700 -709722
78800 -709865
78900 -709975
79000 -710047
79100 -710137
79200 -710244
79300 -710400
79400 -710485
79500 -710618
79600 -710757
79700 -710869
79800 -710990
79900 -711072
80000 -711176
80100 -711217
80200 -711318
80300 -711401
80400 -711457
80500 -711543
80600 -711664
80700 -711718
80800 -711814
80900 -711940
81000 -712054
81100 -712182
81200 -712304
81300 -712363
81400 -712493
81500 -712573
81600 -712680
81700 -712719
81800 -712838
81900 -712909
82000 -713040
82100 -713143
82200 -713269
82300 -713337
82400 -713434
82500 -713483
82600 -713527
82700 -713639
82800 -713787
82900 -713961
83000 -714130
83100 -714188
83200 -714310
83300 -714406
83400 -714445
83500 -714516
83600 -714633
83700 -714760
83800 -714805
83900 -714906
84000 -714973
84100 -715095
84200 -715135
84300 -715218
84400 -715335
84500 -715490
84600 -715555
84700 -715649
84800 -715711
84900 -715776
85000 -715846
85100 -715933
85200 -716060
85300 -716254
85400 -716334
85500 -716433
85600 -716556
85700 -716646
85800 -716758
85900 -716852
86000 -716884
86100 -716956
86200 -717100
86300 -717160
86400 -717344
86500 -717473
86600 -717600
86700 -717717
86800 -717817
86900 -717887
87000 -717958
87100 -718009
87200 -718147
87300 -718295
87400 -718348
87500 -718433
87600 -718488
87700 -718560
87800 -718683
87900 -718699
88000 -718803
88100 -718844
88200 -718959
88300 -719051
88400 -719239
88500 -719268
88600 -719371
88700 -719450
88800 -719524
88900 -719681
89000 -719783
89100 -719883
89200 -719987
89300 -720062
89400 -720127
89500 -720227
89600 -720313
89700 -720507
89800 -720603
89900 -720686
90000 -720760
90100 -720877
90200 -720977
90300 -721093
90400 -721133
90500 -721191
90600 -721244
90700 -721343
90800 -721404
90900 -721495
91000 -721645
91100 -721829
91200 -721957
91300 -722023
91400 -722124
91500 -722249
91600 -722307
91700 -722423
91800 -722536
91900 -722616
92000 -722737
92100 -722851
92200 -722965
92300 -723079
92400 -723203
92500 -723314
92600 -723410
92700 -723585
92800 -723632
92900 -723742
93000 -723880
93100 -723924
93200 -724035
93300 -724078
93400 -724123
93500 -724214
93600 -724324
93700 -724418
93800 -724515
93900 -724584
94000 -724702
94100 -724827
94200 -724930
94300 -725017
94400 -725091
94500 -725148
94600 -725254
94700 -725381
94800 -725486
94900 -725541
95000 -725627
95100 -725777
95200 -725866
95300 -725980
95400 -726052
95500 -726223
95600 -726345
95700 -726379
95800 -726514
95900 -726594
96000 -726735
96100 -726777
96200 -726885
96300 -727002
96400 -727079
96500 -727137
96600 -727242
96700 -727308
96800 -727451
96900 -727549
97000 -727634
97100 -727716
97200 -727790
97300 -727846
97400 -727954
97500 -728096
97600 -728165
97700 -728270
97800 -728377
97900 -728475
98000 -728596
98100 -728712
98200 -728854
98300 -728869
98400 -728998
98500 -729101
98600 -729209
98700 -729324
98800 -729438
98900 -729552
99000 -729617
99100 -729703
99200 -729794
99300 -729934
99400 -729953
99500 -730005
99600 -730122
99700 -730193
99800 -730323
99900 -730431
100000 -730495
100100 -730646
100200 -730704
100300 -730800
100400 -730848
100500 -730918
100600 -731024
100700 -731065
100800 -731137
100900 -731214
101000 -731360
101100 -731450
101200 -731560
101300 -731689
101400 -731796
101500 -731854
101600 -731974
101700 -732025
101800 -732101
101900 -732180
102000 -732244
102100 -732313
102200 -732427
102300 -732572
102400 -732650
102500 -732729
102600 -732827
102700 -732911
102800 -733041
102900 -733217
103000 -733318
103100 -733472
103200 -733562
103300 -733693
103400 -733751
103500 -733836
103600 -733889
103700 -734031
103800 -734119
103900 -734214
104000 -734266
104100 -734344
104200 -734448
104300 -734600
104400 -734704
104500 -734808
104600 -734931
104700 -735042
104800 -735152
104900 -735254
105000 -735316
105100 -735416
105200 -735531
105300 -735579
105400 -735633
105500 -735705
105600 -735780
105700 -735878
105800 -736026
105900 -736152
106000 -736219
106100 -736328
106200 -736440
106300 -736506
106400 -736534
106500 -736585
106600 -736653
106700 -736737
106800 -736807
106900 -736859
107000 -736984
107100 -737094
107200 -737196
107300 -737301
107400 -737461
107500 -737558
107600 -737662
107700 -737761
107800 -737884
107900 -737943
108000 -738040
108100 -738074
108200 -738207
108300 -738390
108400 -738480
108500 -738572
108600 -738659
108700 -738729
108800 -738854
108900 -738976
109000 -739030
109100 -739165
109200 -739286
109300 -739380
109400 -739479
109500 -739560
109600 -739598
109700 -739678
109800 -739732
109900 -739822
110000 -739975
110100 -740080
110200 -740186
110300 -740309
110400 -740407
110500 -740523
110600 -740645
110700 -740764
110800 -740909
110900 -740993
111000 -741079
111100 -741205
111200 -741295
111300 -741391
111400 -741466
111500 -741542
111600 -741665
111700 -741745
111800 -741840
111900 -741918
112000 -742022
112100 -742132
112200 -742228
112300 -742337
112400 -742421
112500 -742549
112600 -742653
112700 -742801
112800 -742931
112900 -743007
113000 -743092
113100 -743187
113200 -743257
113300 -743295
113400 -743364
113500 -743498
113600 -743566
113700 -743655
113800 -743705
113900 -743763
114000 -743846
114100 -743945
114200 -744057
114300 -744167
114400 -744241
114500 -744325
114600 -744407
114700 -744519
114800 -744616
114900 -744711
115000 -744797
115100 -744957
115200 -745021
115300 -745126
115400 -745238
115500 -745327
115600 -745403
115700 -745438
115800 -745564
115900 -745665
116000 -745752
116100 -745856
116200 -745952
116300 -746016
116400 -746095
116500 -746207
116600 -746287
116700 -746373
116800 -746493
116900 -746547
117000 -746630
117100 -746650
117200 -746748
117300 -746849
117400 -746905
117500 -747020
117600 -747143
117700 -747229
117800 -747327
117900 -747389
118000 -747518
118100 -747643
118200 -747686
118300 -747786
118400 -747912
118500 -748024
118600 -748058
118700 -748141
118800 -748221
118900 -748292
119000 -748368
119100 -748480
119200 -748566
119300 -748624
119400 -748665
119500 -748746
119600 -748785
119700 -748825
119800 -748970
119900 -749069
120000 -749132
120100 -749239
120200 -749297
120300 -749426
120400 -749498
120500 -749578
120600 -749610
120700 -749747
120800 -749845
120900 -749866
121000 -749995
121100 -750089
121200 -750189
121300 -750216
121400 -750301
121500 -750449
121600 -750530
121700 -750592
121800 -750638
121900 -750700
122000 -750747
122100 -750809
122200 -750911
122300 -750948
122400 -751010
122500 -751108
122600 -751191
122700 -751294
122800 -751362
122900 -751436
123000 -751525
123100 -751623
123200 -751734
123300 -751776
123400 -751847
123500 -751940
123600 -752024
123700 -752077
123800 -752215
123900 -752335
124000 -752448
124100 -752547
124200 -752597
124300 -752653
124400 -752749
124500 -752820
124600 -752889
124700 -753027
124800 -753134
124900 -753211
125000 -753301
125100 -753363
125200 -753481
125300 -753558
125400 -753671
125500 -753783
125600 -753916
125700 -754038
125800 -754186
125900 -754317
126000 -754392
126100 -754474
126200 -754560
126300 -754690
126400 -754763
126500 -754867
126600 -754937
126700 -755022
126800 -755103
126900 -755148
127000 -755254
127100 -755378
127200 -755492
127300 -755598
127400 -755725
127500 -755824
127600 -755899
127700 -756020
127800 -756057
127900 -756166
128000 -756272
128100 -756401
128200 -756495
128300 -756550
128400 -756612
128500 -756669
128600 -756765
128700 -756773
128800 -756837
128900 -756890
129000 -756966
129100 -756988
129200 -757045
129300 -757165
129400 -757261
129500 -757353
129600 -757454
129700 -757521
129800 -757573
129900 -757666
130000 -757768
130100 -757886
130200 -757963
130300 -758132
130400 -758306
130500 -758337
130600 -758462
130700 -758539
130800 -758651
130900 -758704
131000 -758831
131100 -758905
131200 -759027
131300 -759111
131400 -759174
131500 -759206
131600 -759302
131700 -759387
131800 -759456
131900 -759538
132000 -759647
132100 -759725
132200 -759873
132300 -759927
132400 -759948
132500 -759957
132600 -759977
132700 -760031
132800 -760178
132900 -760281
133000 -760397
133100 -760520
133200 -760594
133300 -760684
133400 -760717
133500 -760842
133600 -760884
133700 -761044
133800 -761110
133900 -761129
134000 -761204
134100 -761338
134200 -761424
134300 -761530
134400 -761576
134500 -761643
134600 -761775
134700 -761829
134800 -761937
134900 -762109
135000 -762168
135100 -762224
135200 -762283
135300 -762346
135400 -762443
135500 -762547
135600 -762652
135700 -762802
135800 -762852
135900 -762934
136000 -763019
136100 -763098
136200 -763152
136300 -763211
136400 -763319
136500 -763421
136600 -763535
136700 -763630
136800 -763720
136900 -763781
137000 -763888
137100 -763991
137200 -764059
137300 -764183
137400 -764262
137500 -764376
137600 -764477
137700 -764566
137800 -764656
137900 -764806
138000 -764863
138100 -764962
138200 -765022
138300 -765160
138400 -765284
138500 -765381
138600 -765473
138700 -765520
138800 -765574
138900 -765676
139000 -765759
139100 -765840
139200 -765913
139300 -765959
139400 -766103
139500 -766194
139600 -766311
139700 -766328
139800 -766392
139900 -766521
140000 -766620
140100 -766713
140200 -766768
140300 -766836
140400 -766934
140500 -767023
140600 -767069
140700 -767134
140800 -767221
140900 -767360
141000 -767438
141100 -767552
141200 -767604
141300 -767704
141400 -767775
141500 -767853
141600 -767929
141700 -767986
141800 -768053
141900 -768130
142000 -768257
142100 -768370
142200 -768444
142300 -768486
142400 -768550
142500 -768599
142600 -768709
142700 -768745
142800 -768805
142900 -768934
143000 -769043
143100 -769157
143200 -769197
143300 -769239
143400 -769359
143500 -769445
143600 -769502
143700 -769535
143800 -769634
143900 -769687
144000 -769752
144100 -769864
144200 -769911
144300 -770002
144400 -770088
144500 -770190
144600 -770283
144700 -770404
144800 -770490
144900 -770605
145000 -770683
145100 -770761
145200 -770904
145300 -770997
145400 -771090
145500 -771198
145600 -771280
145700 -771381
145800 -771403
145900 -771519
146000 -771531
146100 -771550
146200 -771674
146300 -771756
146400 -771841
146500 -771952
146600 -772022
146700 -772131
146800 -772221
146900 -772340
147000 -772447
147100 -772528
147200 -772626
147300 -772642
147400 -772666
147500 -772710
147600 -772734
147700 -772880
147800 -772994
147900 -773112
148000 -773230
148100 -773309
148200 -773378
148300 -773466
148400 -773600
148500 -773747
148600 -773757
148700 -773832
148800 -773942
148900 -773986
149000 -773977
149100 -774076
149200 -774139
149300 -774207
149400 -774277
149500 -774329
149600 -774453
149700 -774498
149800 -774555
149900 -774633
150000 -774709
150100 -774764
150200 -774853
150300 -774988
150400 -775049
150500 -775183
150600 -775324
150700 -775365
150800 -775411
150900 -775481
151000 -775561
151100 -775730
151200 -775853
151300 -775871
151400 -775986
151500 -776098
151600 -776210
151700 -776280
151800 -776366
151900 -776442
152000 -776506
152100 -776621
152200 -776731
152300 -776781
152400 -776895
152500 -776963
152600 -777045
152700 -777092
152800 -777208
152900 -777285
153000 -777395
153100 -777449
153200 -777509
153300 -777624
153400 -777666
153500 -777742
153600 -777860
153700 -777940
153800 -777984
153900 -778011
154000 -778120
154100 -778192
154200 -778278
154300 -778396
154400 -778475
154500 -778525
154600 -778616
154700 -778724
154800 -778794
154900 -778881
155000 -778972
155100 -778996
155200 -779111
155300 -779209
155400 -779225
155500 -779289
155600 -779392
155700 -779437
155800 -779500
155900 -779607
156000 -779650
156100 -779733
156200 -779865
156300 -779941
156400 -780057
156500 -780152
156600 -780213
156700 -780263
156800 -780320
156900 -780384
157000 -780471
157100 -780582
157200 -780629
157300 -780702
157400 -780758
157500 -780823
157600 -780886
157700 -780961
157800 -781076
157900 -781142
158000 -781226
158100 -781267
158200 -781318
158300 -781391
158400 -781471
158500 -781556
158600 -781619
158700 -781681
158800 -781731
158900 -781856
159000 -781944
159100 -781988
159200 -782114
159300 -782207
159400 -782311
159500 -782344
159600 -782420
159700 -782494
159800 -782565
159900 -782669
160000 -782783
160100 -782817
160200 -782927
160300 -783021
160400 -783059
160500 -783136
160600 -783220
160700 -783278
160800 -783356
160900 -783473
161000 -783571
161100 -783693
161200 -783756
161300 -783891
161400 -783930
161500 -784034
161600 -784108
161700 -784174
161800 -784269
161900 -784333
162000 -784423
162100 -784486
162200 -784593
162300 -784709
162400 -784766
162500 -784880
162600 -784959
162700 -785082
162800 -785144
162900 -785246
163000 -785302
163100 -785434
163200 -785477
163300 -785524
163400 -785613
163500 -785673
163600 -785778
163700 -785900
163800 -785996
163900 -786072
164000 -786135
164100 -786261
164200 -786334
164300 -786461
164400 -786577
164500 -786716
164600 -786754
164700 -786763
164800 -786804
164900 -786906
165000 -786944
165100 -786972
165200 -787068
165300 -787133
165400 -787259
165500 -787335
165600 -787413
165700 -787554
165800 -787581
165900 -787690
166000 -787758
166100 -787879
166200 -787976
166300 -788042
166400 -788094
166500 -788202
166600 -788252
166700 -788351
166800 -788390
166900 -788414
167000 -788525
167100 -788600
167200 -788630
167300 -788747
167400 -788860
167500 -788934
167600 -789009
167700 -789125
167800 -789165
167900 -789219
168000 -789296
168100 -789377
168200 -789516
168300 -789574
168400 -789649
168500 -789748
168600 -789829
168700 -789906
168800 -789968
168900 -789984
169000 -790012
169100 -790096
169200 -790175
169300 -790201
169400 -790278
169500 -790394
169600 -790445
169700 -790517
169800 -790571
169900 -790662
170000 -790757
170100 -790788
170200 -790893
170300 -790989
170400 -791131
170500 -791143
170600 -791214
170700 -791232
170800 -791294
170900 -791386
171000 -791473
171100 -791523
171200 -791572
171300 -791671
171400 -791733
171500 -791854
171600 -791901
171700 -792002
171800 -792080
171900 -792102
172000 -792159
172100 -792258
172200 -792325
172300 -792371
172400 -792467
172500 -792555
172600 -792592
172700 -792678
172800 -792746
172900 -792820
173000 -792904
173100 -793007
173200 -793048
173300 -793073
173400 -793105
173500 -793173
173600 -793255
173700 -793335
173800 -793416
173900 -793495
174000 -793596
174100 -793697
174200 -793764
174300 -793857
174400 -793912
174500 -793986
174600 -794082
174700 -794205
174800 -794316
174900 -794416
175000 -794555
175100 -794534
175200 -794607
175300 -794661
175400 -794741
175500 -794815
175600 -794893
175700 -794993
175800 -795092
175900 -795202
176000 -795296
176100 -795376
176200 -795415
176300 -795457
176400 -795539
176500 -795600
176600 -795655
176700 -795730
176800 -795811
176900 -795904
177000 -795956
177100 -796007
177200 -796084
177300 -796134
177400 -796178
177500 -796241
177600 -796299
177700 -796402
177800 -796482
177900 -796567
178000 -796614
178100 -796626
178200 -796750
178300 -796815
178400 -796896
178500 -796941
178600 -796949
178700 -796955
178800 -797025
178900 -797120
179000 -797174
179100 -797220
179200 -797252
179300 -797304
179400 -797410
179500 -797496
179600 -797613
179700 -797648
179800 -797734
179900 -797780
180000 -797883
180100 -798009
180200 -798022
180300 -798121
180400 -798183
180500 -798290
180600 -798338
180700 -798417
180800 -798486
180900 -798570
181000 -798622
181100 -798743
181200 -798822
181300 -798872
181400 -798951
181500 -798996
181600 -799052
181700 -799191
181800 -799201
181900 -799265
182000 -799369
182100 -799453
182200 -799477
182300 -799595
182400 -799697
182500 -799755
182600 -799829
182700 -799907
182800 -799967
182900 -800046
183000 -800139
183100 -800185
183200 -800219
183300 -800294
183400 -800395
183500 -800505
183600 -800536
183700 -800608
183800 -800666
183900 -800782
184000 -800843
184100 -800915
184200 -801065
184300 -801111
184400 -801224
184500 -801286
184600 -801393
184700 -801468
184800 -801548
184900 -801607
185000 -801678
185100 -801787
185200 -801841
185300 -801908
185400 -801988
185500 -802074
185600 -802131
185700 -802241
185800 -802301
185900 -802416
186000 -802512
186100 -802602
186200 -802636
186300 -802698
186400 -802715
186500 -802761
186600 -802794
186700 -802865
186800 -802898
186900 -802953
187000 -803005
187100 -803072
187200 -803093
187300 -803120
187400 -803235
187500 -803341
187600 -803421
187700 -803485
187800 -803600
187900 -803647
188000 -803715
188100 -803773
188200 -803830
188300 -803931
188400 -803988
188500 -804049
188600 -804143
188700 -804167
188800 -804270
188900 -804340
189000 -804367
189100 -804485
189200 -804568
189300 -804663
189400 -804734
189500 -804874
189600 -804970
189700 -805090
189800 -805185
189900 -805274
190000 -805339
190100 -805437
190200 -805502
190300 -805629
190400 -805744
190500 -805836
190600 -805941
190700 -806024
190800 -806133
190900 -806228
191000 -806334
191100 -806463
191200 -806515
191300 -806619
191400 -806690
191500 -806762
191600 -806846
191700 -806913
191800 -807016
191900 -807085
192000 -807154
192100 -807255
192200 -807331
192300 -807417
192400 -807483
192500 -807545
192600 -807607
192700 -807639
192800 -807714
192900 -807769
193000 -807868
193100 -807955
193200 -808046
193300 -808132
193400 -808168
193500 -808251
193600 -808376
193700 -808411
193800 -808474
193900 -808558
194000 -808627
194100 -808731
194200 -808785
194300 -808904
194400 -808965
194500 -809053
194600 -809101
194700 -809187
194800 -809274
194900 -809369
195000 -809415
195100 -809505
195200 -809599
195300 -809664
195400 -809760
195500 -809868
195600 -809974
195700 -810017
195800 -810127
195900 -810226
196000 -810334
196100 -810421
196200 -810538
196300 -810598
196400 -810696
196500 -810792
196600 -810885
196700 -811006
196800 -811063
196900 -811126
197000 -811182
197100 -811257
197200 -811350
197300 -811413
197400 -811476
197500 -811588
197600 -811694
197700 -811741
197800 -811837
197900 -811932
198000 -812008
198100 -812046
198200 -812137
198300 -812219
198400 -812318
198500 -812369
198600 -812478
198700 -812534
198800 -812583
198900 -812677
199000 -812717
199100 -812871
199200 -812941
199300 -812973
199400 -813042
199500 -813165
199600 -813277
199700 -813295
199800 -813391
199900 -813507
200000 -813570
200100 -813643
200200 -813697
200300 -813767
200400 -813883
200500 -813977
200600 -814046
200700 -814149
200800 -814249
200900 -814327
201000 -814391
201100 -814435
201200 -814441
201300 -814506
201400 -814535
201500 -814607
201600 -814656
201700 -814757
201800 -814892
201900 -814992
202000 -815109
202100 -815148
202200 -815181
202300 -815242
202400 -815364
202500 -815407
202600 -815438
202700 -815455
202800 -815554
202900 -815623
203000 -815698
203100 -815813
203200 -815885
203300 -815964
203400 -816031
203500 -816100
203600 -816156
203700 -816196
203800 -816297
203900 -816378
204000 -816428
204100 -816466
204200 -816500
204300 -816576
204400 -816688
204500 -816753
204600 -816825
204700 -816895
204800 -816945
204900 -816997
205000 -817027
205100 -817104
205200 -817193
205300 -817262
205400 -817373
205500 -817469
205600 -817556
205700 -817594
205800 -817672
205900 -817746
206000 -817852
206100 -817928
206200 -817950
206300 -818053
206400 -818130
206500 -818211
206600 -818270
206700 -818352
206800 -818455
206900 -818488
207000 -818531
207100 -818611
207200 -818668
207300 -818716
207400 -818764
207500 -818884
207600 -818930
207700 -818956
207800 -818978
207900 -819073
208000 -819163
208100 -819204
208200 -819300
208300 -819413
208400 -819455
208500 -819521
208600 -819599
208700 -819675
208800 -819711
208900 -819785
209000 -819815
209100 -819912
209200 -819964
209300 -820013
209400 -820054
209500 -820109
209600 -820196
209700 -820297
209800 -820309
209900 -820369
210000 -820468
210100 -820529
210200 -820576
210300 -820650
210400 -820752
210500 -820821
210600 -820898
210700 -821028
210800 -821036
210900 -821071
211000 -821096
211100 -821133
211200 -821145
211300 -821211
211400 -821304
211500 -821382
211600 -821458
211700 -821486
211800 -821544
211900 -821616
212000 -821694
212100 -821772
212200 -821897
212300 -821991
212400 -822015
212500 -822093
212600 -822177
212700 -822292
212800 -822377
212900 -822409
213000 -822470
213100 -822540
213200 -822633
213300 -822761
213400 -822838
213500 -822910
213600 -822953
213700 -822990
213800 -823056
213900 -823126
214000 -823229
214100 -823323
214200 -823406
214300 -823488
214400 -823563
214500 -823640
214600 -823680
214700 -823741
214800 -823815
214900 -823870
215000 -823909
215100 -824014
215200 -823989
215300 -824072
215400 -824096
215500 -824157
215600 -824178
215700 -824239
215800 -824305
215900 -824362
216000 -824397
216100 -824467
216200 -824532
216300 -824555
216400 -824631
216500 -824679
216600 -824668
216700 -824782
216800 -824894
216900 -824989
217000 -825091
217100 -825140
217200 -825160
217300 -825244
217400 -825289
217500 -825358
217600 -825452
217700 -825565
217800 -825591
217900 -825660
218000 -825730
218100 -825857
218200 -825941
218300 -826013
218400 -826067
218500 -826130
218600 -826197
218700 -826261
218800 -826361
218900 -826443
219000 -826479
219100 -826523
219200 -826565
219300 -826603
219400 -826667
219500 -826749
219600 -826800
219700 -826922
219800 -827012
219900 -827086
220000 -827134
220100 -827211
220200 -827257
220300 -827346
220400 -827440
220500 -827526
220600 -827631
220700 -827723
220800 -827865
220900 -827963
221000 -828041
221100 -828146
221200 -828199
221300 -828226
221400 -828299
221500 -828388
221600 -828488
221700 -828599
221800 -828723
221900 -828861
222000 -828940
222100 -828988
222200 -829083
222300 -829111
222400 -829166
222500 -829256
222600 -829286
222700 -829355
222800 -829387
222900 -829472
223000 -829530
223100 -829580
223200 -829613
223300 -829692
223400 -829729
223500 -829740
223600 -829789
223700 -829879
223800 -829928
223900 -829992
224000 -830104
224100 -830137
224200 -830171
224300 -830260
224400 -830299
224500 -830338
224600 -830432
224700 -830483
224800 -830562
224900 -830606
225000 -830669
225100 -830728
225200 -830787
225300 -830844
225400 -830930
225500 -831037
225600 -831164
225700 -831231
225800 -831365
225900 -831413
226000 -831489
226100 -831604
226200 -831682
226300 -831755
226400 -831830
226500 -831934
226600 -831966
226700 -832043
226800 -832161
226900 -832273
227000 -832361
227100 -832443
227200 -832518
227300 -832607
227400 -832650
227500 -832714
227600 -832733
227700 -832794
227800 -832876
227900 -832906
228000 -832965
228100 -833045
228200 -833082
228300 -833117
228400 -833206
228500 -833284
228600 -833318
228700 -833368
228800 -833418
228900 -833464
229000 -833530
229100 -833586
229200 -833647
229300 -833726
229400 -833796
229500 -833874
229600 -833929
229700 -833990
229800 -834064
229900 -834145
230000 -834227
230100 -834382
230200 -834420
230300 -834519
230400 -834601
230500 -834664
230600 -834700
230700 -834750
230800 -834817
230900 -834889
231000 -834950
231100 -835055
231200 -835129
231300 -835221
231400 -835274
231500 -835382
231600 -835454
231700 -835569
231800 -835642
231900 -835736
232000 -835815
232100 -835854
232200 -835930
232300 -835995
232400 -836059
232500 -836130
232600 -836201
232700 -836250
232800 -836331
232900 -836366
233000 -836420
233100 -836505
233200 -836574
233300 -836634
233400 -836708
233500 -836767
233600 -836856
233700 -836914
233800 -837038
233900 -837096
234000 -837187
234100 -837266
234200 -837333
234300 -837357
234400 -837436
234500 -837532
234600 -837565
234700 -837648
234800 -837735
234900 -837823
235000 -837902
235100 -837946
235200 -838040
235300 -838110
235400 -838191
235500 -838270
235600 -838327
235700 -838424
235800 -838501
235900 -838568
236000 -838675
236100 -838690
236200 -838774
236300 -838837
236400 -838931
236500 -839031
236600 -839057
236700 -839123
236800 -839183
236900 -839251
237000 -839340
237100 -839378
237200 -839420
237300 -839490
237400 -839584
237500 -839656
237600 -839686
237700 -839752
237800 -839833
237900 -839857
238000 -839952
238100 -839969
238200 -840061
238300 -840108
238400 -840129
238500 -840231
238600 -840284
238700 -840352
238800 -840460
238900 -840561
239000 -840670
239100 -840725
239200 -840739
239300 -840822
239400 -840876
239500 -840999
239600 -841118
239700 -841182
239800 -841280
239900 -841338
240000 -841417
240100 -841489
240200 -841557
240300 -841618
240400 -841684
240500 -841743
240600 -841855
240700 -841909
240800 -841940
240900 -841995
241000 -842037
241100 -842090
241200 -842185
241300 -842221
241400 -842328
241500 -842370
241600 -842438
241700 -842494
241800 -842543
241900 -842618
242000 -842665
242100 -842699
242200 -842770
242300 -842850
242400 -842877
242500 -842934
242600 -843037
242700 -843146
242800 -843205
242900 -843296
243000 -843334
243100 -843406
243200 -843475
243300 -843560
243400 -843630
243500 -843690
243600 -843718
243700 -843784
243800 -843885
243900 -843937
244000 -844016
244100 -844083
244200 -844125
244300 -844186
244400 -844207
244500 -844271
244600 -844307
244700 -844390
244800 -844467
244900 -844518
245000 -844608
245100 -844677
245200 -844744
245300 -844802
245400 -844850
245500 -844881
245600 -844900
245700 -844989
245800 -845044
245900 -845103
246000 -845195
246100 -845294
246200 -845382
246300 -845467
246400 -845570
246500 -845649
246600 -845692
246700 -845793
246800 -845837
246900 -845920
247000 -845989
247100 -846070
247200 -846148
247300 -846229
247400 -846269
247500 -846344
247600 -846425
247700 -846475
247800 -846517
247900 -846598
248000 -846662
248100 -846708
248200 -846786
248300 -846861
248400 -846937
248500 -846979
248600 -847039
248700 -847087
248800 -847155
248900 -847224
249000 -847336
249100 -847418
249200 -847482
249300 -847586
249400 -847687
249500 -847754
249600 -847787
249700 -847831
249800 -847909
249900 -847971
250000 -848039
250100 -848071
250200 -848139
250300 -848204
250400 -848271
250500 -848395
250600 -848420
250700 -848492
250800 -848524
250900 -848598
251000 -848668
251100 -848710
251200 -848791
251300 -848927
251400 -849027
251500 -849034
251600 -849111
251700 -849144
251800 -849196
251900 -849208
252000 -849204
252100 -849283
252200 -849361
252300 -849477
252400 -849552
252500 -849591
252600 -849644
252700 -849736
252800 -849796
252900 -849896
253000 -850026
253100 -850066
253200 -850152
253300 -850225
253400 -850296
253500 -850362
253600 -850426
253700 -850483
253800 -850537
253900 -850553
254000 -850667
254100 -850778
254200 -850832
254300 -850937
254400 -851056
254500 -851130
254600 -851234
254700 -851344
254800 -851450
254900 -851503
255000 -851564
255100 -851613
255200 -851711
255300 -851746
255400 -851826
255500 -851909
255600 -851984
255700 -852041
255800 -852047
255900 -852098
256000 -852127
256100 -852200
256200 -852245
256300 -852316
256400 -852379
256500 -852504
256600 -852537
256700 -852642
256800 -852704
256900 -852693
257000 -852741
257100 -852843
257200 -852904
257300 -852920
257400 -852974
257500 -853018
257600 -853069
257700 -853182
257800 -853193
257900 -853283
258000 -853368
258100 -853437
258200 -853507
258300 -853613
258400 -853609
258500 -853658
258600 -853725
258700 -853765
258800 -853792
258900 -853842
259000 -853911
259100 -853987
259200 -854014
259300 -854050
259400 -854116
259500 -854149
259600 -854246
259700 -854318
259800 -854418
259900 -854459
260000 -854519
260100 -854539
260200 -854623
260300 -854677
260400 -854731
260500 -854754
260600 -854852
260700 -854887
260800 -855000
260900 -855112
261000 -855206
261100 -855265
261200 -855333
261300 -855405
261400 -855508
261500 -855612
261600 -855700
261700 -855820
261800 -855942
261900 -855958
262000 -855994
262100 -856034
262200 -856105
262300 -856200
262400 -856318
262500 -856371
262600 -856408
262700 -856433
262800 -856494
262900 -856567
263000 -856648
263100 -856693
263200 -856784
263300 -856825
263400 -856896
263500 -856958
263600 -857046
263700 -857154
263800 -857205
263900 -857249
264000 -857258
264100 -857321
264200 -857415
264300 -857488
264400 -857516
264500 -857594
264600 -857653
264700 -857692
264800 -857736
264900 -857783
265000 -857861
265100 -857939
265200 -857972
265300 -858067
265400 -858126
265500 -858166
265600 -858215
265700 -858217
265800 -858248
265900 -858299
266000 -858331
266100 -858365
266200 -858385
266300 -858487
266400 -858505
266500 -858591
266600 -858642
266700 -858724
266800 -858802
266900 -858905
267000 -858978
267100 -859069
267200 -859150
267300 -859208
267400 -859260
267500 -859367
267600 -859424
267700 -859451
267800 -859523
267900 -859528
268000 -859604
268100 -859685
268200 -859767
268300 -859850
268400 -859921
268500 -859961
268600 -860061
268700 -860094
268800 -860146
268900 -860171
269000 -860226
269100 -860299
269200 -860351
269300 -860434
269400 -860464
269500 -860526
269600 -860575
269700 -860653
269800 -860737
269900 -860781
270000 -860845
270100 -860928
270200 -861019
270300 -861094
270400 -861127
270500 -861162
270600 -861210
270700 -861268
270800 -861385
270900 -861454
271000 -861522
271100 -861503
271200 -861553
271300 -861593
271400 -861678
271500 -861697
271600 -861757
271700 -861814
271800 -861858
271900 -861921
272000 -861990
272100 -862032
272200 -862098
272300 -862134
272400 -862186
272500 -862197
272600 -862254
272700 -862290
272800 -862350
272900 -862425
273000 -862479
273100 -862596
273200 -862688
273300 -862759
273400 -862849
273500 -862928
273600 -862985
273700 -863055
273800 -863094
273900 -863133
274000 -863208
274100 -863271
274200 -863291
274300 -863333
274400 -863368
274500 -863427
274600 -863534
274700 -863599
274800 -863679
274900 -863791
275000 -863867
275100 -863933
275200 -864006
275300 -864047
275400 -864099
275500 -864130
275600 -864282
275700 -864345
275800 -864420
275900 -864483
276000 -864563
276100 -864616
276200 -864700
276300 -864795
276400 -864845
276500 -864907
276600 -864959
276700 -865050
276800 -865095
276900 -865124
277000 -865180
277100 -865236
277200 -865284
277300 -865324
277400 -865394
277500 -865460
277600 -865534
277700 -865605
277800 -865710
277900 -865805
278000 -865849
278100 -865931
278200 -865972
278300 -866077
278400 -866151
278500 -866259
278600 -866326
278700 -866425
278800 -866456
278900 -866471
279000 -866535
279100 -866589
279200 -866707
279300 -866797
279400 -866881
279500 -866967
279600 -867043
279700 -867124
279800 -867206
279900 -867258
280000 -867350
280100 -867365
280200 -867398
280300 -867450
280400 -867519
280500 -867569
280600 -867648
280700 -867707
280800 -867756
280900 -867764
281000 -867778
281100 -867929
281200 -868025
281300 -868084
281400 -868128
281500 -868220
281600 -868241
281700 -868293
281800 -868364
281900 -868467
282000 -868533
282100 -868569
282200 -868584
282300 -868633
282400 -868687
282500 -868724
282600 -868817
282700 -868917
282800 -869038
282900 -869089
283000 -869151
283100 -869277
283200 -869395
283300 -869454
283400 -869515
283500 -869532
283600 -869621
283700 -869696
283800 -869776
283900 -869859
284000 -869925
284100 -870018
284200 -870078
284300 -870106
284400 -870146
284500 -870176
284600 -870244
284700 -870339
284800 -870405
284900 -870393
285000 -870408
285100 -870507
285200 -870548
285300 -870581
285400 -870667
285500 -870676
285600 -870709
285700 -870767
285800 -870841
285900 -870920
286000 -871019
286100 -871105
286200 -871120
286300 -871199
286400 -871230
286500 -871255
286600 -871302
286700 -871373
286800 -871358
286900 -871419
287000 -871515
287100 -871584
287200 -871646
287300 -871693
287400 -871769
287500 -871837
287600 -871857
287700 -871918
287800 -871996
287900 -872052
288000 -872111
288100 -872234
288200 -872307
288300 -872314
288400 -872353
288500 -872365
288600 -872376
288700 -872435
288800 -872508
288900 -872567
289000 -872622
289100 -872658
289200 -872717
289300 -872778
289400 -872840
289500 -872899
289600 -872961
289700 -872963
289800 -873044
289900 -873097
290000 -873262
290100 -873282
290200 -873339
290300 -873428
290400 -873472
290500 -873557
290600 -873619
290700 -873651
290800 -873746
290900 -873828
291000 -873875
291100 -873871
291200 -873926
291300 -874001
291400 -874092
291500 -874167
291600 -874200
291700 -874220
291800 -874290
291900 -874343
292000 -874399
292100 -874466
292200 -874548
292300 -874602
292400 -874656
292500 -874727
292600 -874768
292700 -874852
292800 -874915
292900 -874947
293000 -875009
293100 -875070
293200 -875086
293300 -875197
293400 -875200
293500 -875275
293600 -875301
293700 -875383
293800 -875420
293900 -875524
294000 -875609
294100 -875741
294200 -875781
294300 -875820
294400 -875902
294500 -875971
294600 -875987
294700 -876029
294800 -876102
294900 -876162
295000 -876216
295100 -876293
295200 -876348
295300 -876403
295400 -876501
295500 -876548
295600 -876632
295700 -876679
295800 -876728
295900 -876771
296000 -876821
296100 -876850
296200 -876906
296300 -876949
296400 -877027
296500 -877096
296600 -877172
296700 -877262
296800 -877350
296900 -877440
297000 -877491
297100 -877531
297200 -877560
297300 -877597
297400 -877668
297500 -877685
297600 -877752
297700 -877848
297800 -877909
297900 -877965
298000 -877975
298100 -878024
298200 -878103
298300 -878142
298400 -878152
298500 -878224
298600 -878250
298700 -878294
298800 -878308
298900 -878376
299000 -878449
299100 -878486
299200 -878572
299300 -878626
299400 -878695
299500 -878746
299600 -878850
299700 -878916
299800 -878995
299900 -879045
300000 -879063
300100 -879155
300200 -879225
300300 -879273
300400 -879378
300500 -879455
300600 -879473
300700 -879563
300800 -879635
300900 -879684
301000 -879739
301100 -879795
301200 -879811
301300 -879851
301400 -879952
301500 -879996
301600 -880064
301700 -880066
301800 -880071
301900 -880135
302000 -880210
302100 -880283
302200 -880340
302300 -880411
302400 -880464
302500 -880534
302600 -880597
302700 -880657
302800 -880785
302900 -880848
303000 -880949
303100 -881021
303200 -881034
303300 -881132
303400 -881190
303500 -881224
303600 -881287
303700 -881305
303800 -881369
303900 -881403
304000 -881433
304100 -881481
304200 -881536
304300 -881572
304400 -881605
304500 -881657
304600 -881731
304700 -881798
304800 -881860
304900 -881859
305000 -881921
305100 -881974
305200 -882033
305300 -882084
305400 -882122
305500 -882180
305600 -882177
305700 -882213
305800 -882290
305900 -882427
306000 -882489
306100 -882545
306200 -882632
306300 -882686
306400 -882752
306500 -882807
306600 -882850
306700 -882924
306800 -882980
306900 -883036
307000 -883100
307100 -883098
307200 -883193
307300 -883269
307400 -883349
307500 -883393
307600 -883472
307700 -883498
307800 -883550
307900 -883594
308000 -883586
308100 -883640
308200 -883679
308300 -883743
308400 -883801
308500 -883870
308600 -883903
308700 -883941
308800 -883988
308900 -884074
309000 -884143
309100 -884166
309200 -884217
309300 -884275
309400 -884333
309500 -884388
309600 -884421
309700 -884513
309800 -884565
309900 -884562
310000 -884612
310100 -884638
310200 -884641
310300 -884691
310400 -884696
310500 -884773
310600 -884799
310700 -884880
310800 -884947
310900 -885041
311000 -885096
311100 -885145
311200 -885173
311300 -885277
311400 -885325
311500 -885417
311600 -885515
311700 -885589
311800 -885655
311900 -885704
312000 -885767
312100 -885831
312200 -885915
312300 -886011
312400 -886012
312500 -886056
312600 -886115
312700 -886189
312800 -886260
312900 -886315
313000 -886406
313100 -886442
313200 -886523
313300 -886569
313400 -886610
313500 -886659
313600 -886744
313700 -886771
313800 -886818
313900 -886882
314000 -886938
314100 -887004
314200 -887091
314300 -887136
314400 -887142
314500 -887150
314600 -887166
314700 -887201
314800 -887268
314900 -887329
315000 -887427
315100 -887493
315200 -887559
315300 -887576
315400 -887634
315500 -887683
315600 -887775
315700 -887835
315800 -887930
315900 -888018
316000 -888079
316100 -888149
316200 -888188
316300 -888247
316400 -888292
316500 -888360
316600 -888398
316700 -888427
316800 -888486
316900 -888537
317000 -888619
317100 -888689
317200 -888775
317300 -888856
317400 -888923
317500 -888961
317600 -888982
317700 -889075
317800 -889149
317900 -889204
318000 -889260
318100 -889281
318200 -889308
318300 -889405
318400 -889475
318500 -889530
318600 -889622
318700 -889639
318800 -889708
318900 -889797
319000 -889874
319100 -889925
319200 -889989
319300 -890058
319400 -890109
319500 -890168
319600 -890253
319700 -890305
319800 -890361
319900 -890427
320000 -890429
320100 -890496
320200 -890539
320300 -890595
320400 -890672
320500 -890722
320600 -890782
320700 -890842
320800 -890892
320900 -890971
321000 -891002
321100 -891042
321200 -891110
321300 -891114
321400 -891157
321500 -891231
321600 -891327
321700 -891405
321800 -891444
321900 -891484
322000 -891551
322100 -891621
322200 -891663
322300 -891717
322400 -891752
322500 -891820
322600 -891850
322700 -891900
322800 -891976
322900 -892009
323000 -892049
323100 -892054
323200 -892100
323300 -892187
323400 -892266
323500 -892322
323600 -892416
323700 -892436
323800 -892452
323900 -892533
324000 -892608
324100 -892670
324200 -892719
324300 -892783
324400 -892865
324500 -892907
324600 -892992
324700 -893066
324800 -893098
324900 -893144
325000 -893202
325100 -893271
325200 -893320
325300 -893407
325400 -893465
325500 -893509
325600 -893566
325700 -893592
325800 -893646
325900 -893710
326000 -893762
326100 -893828
326200 -893867
326300 -893908
326400 -893976
326500 -894036
326600 -894060
326700 -894094
326800 -894132
326900 -894218
327000 -894252
327100 -894305
327200 -894372
327300 -894448
327400 -894499
327500 -894553
327600 -894607
327700 -894645
327800 -894696
327900 -894747
328000 -894800
328100 -894849
328200 -894930
328300 -895015
328400 -895092
328500 -895189
328600 -895206
328700 -895250
328800 -895286
328900 -895342
329000 -895388
329100 -895405
329200 -895441
329300 -895513
329400 -895594
329500 -895666
329600 -895720
329700 -895752
329800 -895792
329900 -895906
330000 -895957
330100 -896000
330200 -896045
330300 -896077
330400 -896134
330500 -896187
330600 -896222
330700 -896298
330800 -896376
330900 -896454
331000 -896563
331100 -896613
331200 -896659
331300 -896731
331400 -896837
331500 -896892
331600 -896988
331700 -897034
331800 -897089
331900 -897147
332000 -897165
332100 -897222
332200 -897303
332300 -897339
332400 -897357
332500 -897410
332600 -897479
332700 -897515
332800 -897599
332900 -897699
333000 -897765
333100 -897808
333200 -897933
333300 -898013
333400 -898109
333500 -898121
333600 -898110
333700 -898103
333800 -898171
333900 -898256
334000 -898348
334100 -898430
334200 -898453
334300 -898512
334400 -898613
334500 -898677
334600 -898749
334700 -898810
334800 -898801
334900 -898838
335000 -898885
335100 -898955
335200 -898974
335300 -899070
335400 -899127
335500 -899216
335600 -899289
335700 -899345
335800 -899396
335900 -899410
336000 -899465
336100 -899487
336200 -899510
336300 -899588
336400 -899651
336500 -899695
336600 -899796
336700 -899873
336800 -899861
336900 -899894
337000 -899935
337100 -899962
337200 -900091
337300 -900130
337400 -900173
337500 -900212
337600 -900275
337700 -900308
337800 -900380
337900 -900426
338000 -900511
338100 -900556
338200 -900652
338300 -900696
338400 -900734
338500 -900783
338600 -900789
338700 -900850
338800 -900933
338900 -900938
339000 -901045
339100 -901070
339200 -901140
339300 -901192
339400 -901246
339500 -901263
339600 -901315
339700 -901422
339800 -901481
339900 -901509
340000 -901598
340100 -901623
340200 -901721
340300 -901745
340400 -901817
340500 -901894
340600 -901944
340700 -901953
340800 -902021
340900 -902068
341000 -902139
341100 -902192
341200 -902242
341300 -902266
341400 -902330
341500 -902356
341600 -902443
341700 -902468
341800 -902532
341900 -902587
342000 -902670
342100 -902734
342200 -902776
342300 -902816
342400 -902874
342500 -902933
342600 -902966
342700 -903026
342800 -903071
342900 -903134
343000 -903202
343100 -903264
343200 -903394
343300 -903440
343400 -903499
343500 -903567
343600 -903671
343700 -903689
343800 -903788
343900 -903851
344000 -903940
344100 -904009
344200 -904017
344300 -904079
344400 -904132
344500 -904221
344600 -904259
344700 -904322
344800 -904349
344900 -904417
345000 -904456
345100 -904545
345200 -904603
345300 -904701
345400 -904730
345500 -904763
345600 -904867
345700 -904936
345800 -904957
345900 -905068
346000 -905091
346100 -905163
346200 -905229
346300 -905283
346400 -905355
346500 -905427
346600 -905489
346700 -905532
346800 -905584
346900 -905655
347000 -905750
347100 -905802
347200 -905855
347300 -905904
347400 -905954
347500 -905946
347600 -906003
347700 -906037
347800 -906107
347900 -906133
348000 -906207
348100 -906250
348200 -906310
348300 -906377
348400 -906406
348500 -906431
348600 -906459
348700 -906554
348800 -906594
348900 -906665
349000 -906711
349100 -906750
349200 -906778
349300 -906825
349400 -906900
349500 -906955
349600 -906987
349700 -907051
349800 -907084
349900 -907160
350000 -907191
350100 -907284
350200 -907305
350300 -907357
350400 -907436
350500 -907479
350600 -907512
350700 -907548
350800 -907598
350900 -907690
351000 -907783
351100 -907833
351200 -907914
351300 -907972
351400 -908053
351500 -908100
351600 -908147
351700 -908231
351800 -908274
351900 -908303
352000 -908366
352100 -908422
352200 -908473
352300 -908527
352400 -908601
352500 -908656
352600 -908681
352700 -908707
352800 -908775
352900 -908850
353000 -908914
353100 -908952
353200 -908962
353300 -908978
353400 -909013
353500 -909089
353600 -909201
353700 -909261
353800 -909293
353900 -909315
354000 -909376
354100 -909456
354200 -909494
354300 -909529
354400 -909581
354500 -909596
354600 -909623
354700 -909666
354800 -909810
354900 -909803
355000 -909863
355100 -909867
355200 -909916
355300 -909954
355400 -910016
355500 -910079
355600 -910146
355700 -910236
355800 -910292
355900 -910371
356000 -910428
356100 -910468
356200 -910518
356300 -910580
356400 -910624
356500 -910673
356600 -910754
356700 -910851
356800 -910924
356900 -910967
357000 -911030
357100 -911060
357200 -911052
357300 -911187
357400 -911207
357500 -911290
357600 -911326
357700 -911371
357800 -911454
357900 -911473
358000 -911501
358100 -911561
358200 -911625
358300 -911707
358400 -911796
358500 -911826
358600 -911843
358700 -911909
358800 -911961
358900 -911993
359000 -912078
359100 -912131
359200 -912181
359300 -912271
359400 -912367
359500 -912396
359600 -912432
359700 -912493
359800 -912530
359900 -912596
360000 -912663
360100 -912718
360200 -912795
360300 -912880
360400 -912936
360500 -913039
360600 -913136
360700 -913140
360800 -913190
360900 -913226
361000 -913288
361100 -913330
361200 -913434
361300 -913435
361400 -913490
361500 -913511
361600 -913576
361700 -913673
361800 -913744
361900 -913800
362000 -913865
362100 -913967
362200 -914005
362300 -914072
362400 -914142
362500 -914236
362600 -914286
362700 -914352
362800 -914371
362900 -914435
363000 -914469
363100 -914500
363200 -914537
363300 -914577
363400 -914642
363500 -914748
363600 -914870
363700 -914913
363800 -914977
363900 -915020
364000 -915098
364100 -915102
364200 -915167
364300 -915167
364400 -915225
364500 -915321
364600 -915392
364700 -915429
364800 -915477
364900 -915532
365000 -915563
365100 -915617
365200 -915661
365300 -915737
365400 -915762
365500 -915771
365600 -915885
365700 -915904
365800 -915943
365900 -916012
366000 -916083
366100 -916119
366200 -916174
366300 -916236
366400 -916345
366500 -916407
366600 -916473
366700 -916498
366800 -916518
366900 -916546
367000 -916618
367100 -916675
367200 -916702
367300 -916787
367400 -916858
367500 -916851
367600 -916916
367700 -916928
367800 -917022
367900 -917091
368000 -917159
368100 -917200
368200 -917278
368300 -917343
368400 -917401
368500 -917462
368600 -917519
368700 -917561
368800 -917656
368900 -917709
369000 -917765
369100 -917843
369200 -917894
369300 -917966
369400 -918070
369500 -918122
369600 -918167
369700 -918215
369800 -918286
369900 -918367
370000 -918468
370100 -918516
370200 -918568
370300 -918665
370400 -918695
370500 -918714
370600 -918727
370700 -918783
370800 -918792
370900 -918797
371000 -918902
371100 -918983
371200 -919016
371300 -919093
371400 -919147
371500 -919215
371600 -919226
371700 -919308
371800 -919310
371900 -919364
372000 -919453
372100 -919518
372200 -919592
372300 -919667
372400 -919681
372500 -919758
372600 -919804
372700 -919874
372800 -919920
372900 -919971
373000 -919974
373100 -920012
373200 -920087
373300 -920181
373400 -920276
373500 -920312
373600 -920390
373700 -920426
373800 -920465
373900 -920477
374000 -920527
374100 -920545
374200 -920557
374300 -920552
374400 -920579
374500 -920651
374600 -920673
374700 -920745
374800 -920806
374900 -920889
375000 -920945
375100 -921005
375200 -921031
375300 -921079
375400 -921120
375500 -921145
375600 -921192
375700 -921258
375800 -921327
375900 -921352
376000 -921400
376100 -921471
376200 -921501
376300 -921538
376400 -921597
376500 -921648
376600 -921731
376700 -921777
376800 -921817
376900 -921822
377000 -921852
377100 -921905
377200 -921970
377300 -922049
377400 -922084
377500 -922152
377600 -922231
377700 -922240
377800 -922239
377900 -922313
378000 -922377
378100 -922450
378200 -922528
378300 -922541
378400 -922608
378500 -922667
378600 -922709
378700 -922748
378800 -922805
378900 -922829
379000 -922901
379100 -922939
379200 -922955
379300 -922994
379400 -923017
379500 -923057
379600 -923116
379700 -923191
379800 -923287
379900 -923340
380000 -923377
380100 -923421
380200 -923511
380300 -923565
380400 -923608
380500 -923693
380600 -923765
380700 -923852
380800 -923907
380900 -923921
381000 -923982
381100 -924054
381200 -924091
381300 -924139
381400 -924198
381500 -924208
381600 -924261
381700 -924288
381800 -924360
381900 -924372
382000 -924402
382100 -924487
382200 -924510
382300 -924560
382400 -924614
382500 -924661
382600 -924701
382700 -924795
382800 -924812
382900 -924851
383000 -924928
383100 -924921
383200 -925031
383300 -925082
383400 -925172
383500 -925195
383600 -925233
383700 -925319
383800 -925379
383900 -925380
384000 -925430
384100 -925490
384200 -925544
384300 -925565
384400 -925627
384500 -925684
384600 -925729
384700 -925770
384800 -925843
384900 -925879
385000 -925998
385100 -926021
385200 -926051
385300 -926128
385400 -926176
385500 -926255
385600 -926285
385700 -926298
385800 -926334
385900 -926362
386000 -926390
386100 -926423
386200 -926455
386300 -926454
386400 -926518
386500 -926608
386600 -926660
386700 -926725
386800 -926772
386900 -926804
387000 -926819
387100 -926888
387200 -926906
387300 -926957
387400 -926974
387500 -926996
387600 -927029
387700 -927102
387800 -927153
387900 -927193
388000 -927205
388100 -927238
388200 -927276
388300 -927356
388400 -927407
388500 -927443
388600 -927487
388700 -927525
388800 -927581
388900 -927615
389000 -927647
389100 -927683
389200 -927732
389300 -927816
389400 -927899
389500 -927947
389600 -928036
389700 -928115
389800 -928203
389900 -928236
390000 -928298
390100 -928338
390200 -928441
390300 -928502
390400 -928560
390500 -928602
390600 -928632
390700 -928653
390800 -928727
390900 -928793
391000 -928850
391100 -928914
391200 -928959
391300 -929017
391400 -929054
391500 -929122
391600 -929171
391700 -929236
391800 -929246
391900 -929317
392000 -929339
392100 -929372
392200 -929376
392300 -929382
392400 -929426
392500 -929472
392600 -929506
392700 -929566
392800 -929610
392900 -929658
393000 -929691
393100 -929792
393200 -929850
393300 -929925
393400 -929994
393500 -930079
393600 -930123
393700 -930152
393800 -930200
393900 -930244
394000 -930299
394100 -930370
394200 -930405
394300 -930447
394400 -930494
394500 -930537
394600 -930603
394700 -930644
394800 -930662
394900 -930663
395000 -930699
395100 -930779
395200 -930821
395300 -930838
395400 -930895
395500 -930926
395600 -930960
395700 -931024
395800 -931075
395900 -931113
396000 -931191
396100 -931262
396200 -931319
396300 -931372
396400 -931438
396500 -931510
396600 -931582
396700 -931634
396800 -931642
396900 -931703
397000 -931826
397100 -931861
397200 -931945
397300 -931981
397400 -932027
397500 -932043
397600 -932058
397700 -932057
397800 -932140
397900 -932229
398000 -932297
398100 -932325
398200 -932349
398300 -932382
398400 -932433
398500 -932512
398600 -932523
398700 -932566
398800 -932579
398900 -932642
399000 -932665
399100 -932728
399200 -932737
399300 -932836
399400 -932893
399500 -932967
399600 -933039
399700 -933073
399800 -933112
399900 -933183
400000 -933218
400100 -933237
400200 -933281
400300 -933335
400400 -933398
400500 -933387
400600 -933428
400700 -933436
400800 -933459
400900 -933479
401000 -933538
401100 -933572
401200 -933620
401300 -933669
401400 -933676
401500 -933742
401600 -933826
401700 -933860
401800 -933931
401900 -933995
402000 -934041
402100 -934069
402200 -934145
402300 -934184
402400 -934216
402500 -934253
402600 -934319
402700 -934384
402800 -934406
402900 -934425
403000 -934456
403100 -934532
403200 -934575
403300 -934598
403400 -934649
403500 -934705
403600 -934725
403700 -934771
403800 -934798
403900 -934837
404000 -934878
404100 -934892
404200 -934935
404300 -934999
404400 -935043
404500 -935096
404600 -935127
404700 -935200
404800 -935249
404900 -935338
405000 -935426
405100 -935463
405200 -935518
405300 -935560
405400 -935609
405500 -935622
405600 -935698
405700 -935698
405800 -935777
405900 -935875
406000 -935911
406100 -935925
406200 -935955
406300 -936026
406400 -936041
406500 -936089
406600 -936123
406700 -936192
406800 -936290
406900 -936330
407000 -936369
407100 -936440
407200 -936449
407300 -936471
407400 -936531
407500 -936612
407600 -936638
407700 -936707
407800 -936798
407900 -936831
408000 -936884
408100 -936935
408200 -937013
408300 -937079
408400 -937137
408500 -937169
408600 -937232
408700 -937251
408800 -937301
408900 -937364
409000 -937397
409100 -937465
409200 -937512
409300 -937566
409400 -937620
409500 -937710
409600 -937736
409700 -937810
409800 -937816
409900 -937888
410000 -937951
410100 -938016
410200 -938088
410300 -938123
410400 -938160
410500 -938209
410600 -938259
410700 -938311
410800 -938346
410900 -938369
411000 -938411
411100 -938433
411200 -938490
411300 -938546
411400 -938564
411500 -938598
411600 -938706
411700 -938780
411800 -938822
411900 -938842
412000 -938920
412100 -938963
412200 -939033
412300 -939096
412400 -939218
412500 -939225
412600 -939224
412700 -939268
412800 -939294
412900 -939337
413000 -939400
413100 -939430
413200 -939496
413300 -939530
413400 -939626
413500 -939683
413600 -939727
413700 -939834
413800 -939931
413900 -939994
414000 -940053
414100 -940110
414200 -940121
414300 -940156
414400 -940180
414500 -940234
414600 -940252
414700 -940311
414800 -940342
414900 -940387
415000 -940453
415100 -940492
415200 -940520
415300 -940577
415400 -940639
415500 -940685
415600 -940685
415700 -940689
415800 -940743
415900 -940786
416000 -940866
416100 -940908
416200 -941008
416300 -941066
416400 -941068
416500 -941109
416600 -941157
416700 -941164
416800 -941191
416900 -941259
417000 -941302
417100 -941342
417200 -941370
417300 -941372
417400 -941425
417500 -941500
417600 -941521
417700 -941526
417800 -941551
417900 -941573
418000 -941626
418100 -941667
418200 -941691
418300 -941779
418400 -941813
418500 -941855
418600 -941931
418700 -941942
418800 -941993
418900 -942014
419000 -942030
419100 -942057
419200 -942128
419300 -942178
419400 -942238
419500 -942321
419600 -942386
419700 -942417
419800 -942442
419900 -942487
420000 -942564
420100 -942638
420200 -942688
420300 -942712
420400 -942773
420500 -942811
420600 -942839
420700 -942852
420800 -942874
420900 -942933
421000 -943024
421100 -943087
421200 -943114
421300 -943149
421400 -943154
421500 -943224
421600 -943311
421700 -943337
421800 -943358
421900 -943371
422000 -943372
422100 -943427
422200 -943454
422300 -943487
422400 -943519
422500 -943553
422600 -943572
422700 -943639
422800 -943675
422900 -943696
423000 -943692
423100 -943738
423200 -943741
423300 -943790
423400 -943848
423500 -943920
423600 -943977
423700 -944068
423800 -944105
423900 -944133
424000 -944202
424100 -944224
424200 -944246
424300 -944310
424400 -944371
424500 -944410
424600 -944477
424700 -944559
424800 -944612
424900 -944675
425000 -944713
425100 -944762
425200 -944826
425300 -944870
425400 -944906
425500 -944947
425600 -945006
425700 -945034
425800 -945090
425900 -945167
426000 -945204
426100 -945229
426200 -945279
426300 -945348
426400 -945443
426500 -945496
426600 -945561
426700 -945620
426800 -945703
426900 -945740
427000 -945813
427100 -945864
427200 -945923
427300 -945968
427400 -946044
427500 -946109
427600 -946188
427700 -946236
427800 -946305
427900 -946337
428000 -946355
428100 -946394
428200 -946418
428300 -946475
428400 -946528
428500 -946543
428600 -946550
428700 -946626
428800 -946680
428900 -946712
429000 -946785
429100 -946791
429200 -946815
429300 -946867
429400 -946951
429500 -947049
429600 -947093
429700 -947115
429800 -947183
429900 -947264
430000 -947309
430100 -947366
430200 -947424
430300 -947523
430400 -947552
430500 -947612
430600 -947652
430700 -947719
430800 -947738
430900 -947776
431000 -947847
431100 -947854
431200 -947857
431300 -947895
431400 -947912
431500 -948006
431600 -948075
431700 -948144
431800 -948198
431900 -948280
432000 -948320
432100 -948390
432200 -948426
432300 -948480
432400 -948529
432500 -948591
432600 -948630
432700 -948679
432800 -948696
432900 -948727
433000 -948781
433100 -948853
433200 -948918
433300 -948908
433400 -948989
433500 -949044
433600 -949047
433700 -949081
433800 -949119
433900 -949187
434000 -949225
434100 -949264
434200 -949320
434300 -949383
434400 -949466
434500 -949522
434600 -949571
434700 -949643
434800 -949672
434900 -949708
435000 -949805
435100 -949823
435200 -949869
435300 -949924
435400 -949924
435500 -949985
435600 -950043
435700 -950100
435800 -950183
435900 -950273
436000 -950326
436100 -950332
436200 -950423
436300 -950445
436400 -950475
436500 -950511
436600 -950565
436700 -950607
436800 -950634
436900 -950704
437000 -950724
437100 -950812
437200 -950883
437300 -950961
437400 -951005
437500 -951052
437600 -951108
437700 -951161
437800 -951234
437900 -951315
438000 -951404
438100 -951413
438200 -951504
438300 -951606
438400 -951632
438500 -951665
438600 -951730
438700 -951775
438800 -951848
438900 -951895
439000 -951965
439100 -951957
439200 -952023
439300 -952116
439400 -952169
439500 -952242
439600 -952328
439700 -952365
439800 -952448
439900 -952461
440000 -952531
440100 -952539
440200 -952598
440300 -952634
440400 -952700
440500 -952763
440600 -952765
440700 -952830
440800 -952864
440900 -952883
441000 -952924
441100 -952946
441200 -953038
441300 -953073
441400 -953141
441500 -953172
441600 -953280
441700 -953296
441800 -953346
441900 -953353
442000 -953422
442100 -953510
442200 -953551
442300 -953589
442400 -953661
442500 -953700
442600 -953739
442700 -953796
442800 -953842
442900 -953912
443000 -953942
443100 -953979
443200 -954012
443300 -954062
443400 -954075
443500 -954144
443600 -954199
443700 -954244
443800 -954258
443900 -954294
444000 -954337
444100 -954339
444200 -954374
444300 -954433
444400 -954477
444500 -954541
444600 -954585
444700 -954624
444800 -954640
444900 -954670
445000 -954690
445100 -954704
445200 -954793
445300 -954827
445400 -954874
445500 -954946
445600 -954993
445700 -955068
445800 -955078
445900 -955127
446000 -955193
446100 -955232
446200 -955297
446300 -955396
446400 -955401
446500 -955480
446600 -955520
446700 -955573
446800 -955623
446900 -955671
447000 -955687
447100 -955787
447200 -955833
447300 -955887
447400 -955926
447500 -955956
447600 -956010
447700 -956076
447800 -956132
447900 -956153
448000 -956206
448100 -956225
448200 -956278
448300 -956368
448400 -956385
448500 -956475
448600 -956534
448700 -956566
448800 -956617
448900 -956621
449000 -956639
449100 -956635
449200 -956661
449300 -956719
449400 -956798
449500 -956808
449600 -956907
449700 -956985
449800 -957077
449900 -957142
450000 -957177
450100 -957205
450200 -957243
450300 -957273
450400 -957312
450500 -957372
450600 -957433
450700 -957454
450800 -957448
450900 -957469
451000 -957514
451100 -957565
451200 -957591
451300 -957644
451400 -957679
451500 -957707
451600 -957790
451700 -957856
451800 -957906
451900 -957914
452000 -957997
452100 -958042
452200 -958056
452300 -958078
452400 -958086
452500 -958124
452600 -958154
452700 -958192
452800 -958226
452900 -958267
453000 -958324
453100 -958400
453200 -958436
453300 -958481
453400 -958501
453500 -958523
453600 -958535
453700 -958555
453800 -958618
453900 -958598
454000 -958615
454100 -958678
454200 -958707
454300 -958721
454400 -958752
454500 -958811
454600 -958823
454700 -958868
454800 -958905
454900 -958963
455000 -958970
455100 -959032
455200 -959107
455300 -959142
455400 -959193
455500 -959226
455600 -959286
455700 -959330
455800 -959375
455900 -959422
456000 -959491
456100 -959512
456200 -959551
456300 -959603
456400 -959656
456500 -959735
456600 -959772
456700 -959809
456800 -959860
456900 -959894
457000 -959936
457100 -960025
457200 -960081
457300 -960132
457400 -960215
457500 -960240
457600 -960273
457700 -960331
457800 -960364
457900 -960436
458000 -960552
458100 -960582
458200 -960603
458300 -960645
458400 -960697
458500 -960734
458600 -960778
458700 -960866
458800 -960940
458900 -961008
459000 -961023
459100 -961053
459200 -961114
459300 -961119
459400 -961120
459500 -961180
459600 -961211
459700 -961285
459800 -961294
459900 -961362
460000 -961406
460100 -961464
460200 -961516
460300 -961549
460400 -961651
460500 -961693
460600 -961694
460700 -961734
460800 -961770
460900 -961806
461000 -961860
461100 -961860
461200 -961896
461300 -961957
461400 -962023
461500 -962061
461600 -962135
461700 -962168
461800 -962232
461900 -962262
462000 -962297
462100 -962338
462200 -962398
462300 -962413
462400 -962499
462500 -962540
462600 -962617
462700 -962666
462800 -962713
462900 -962753
463000 -962789
463100 -962820
463200 -962820
463300 -962803
463400 -962840
463500 -962914
463600 -962924
463700 -962972
463800 -963038
463900 -963097
464000 -963126
464100 -963181
464200 -963223
464300 -963272
464400 -963348
464500 -963403
464600 -963469
464700 -963537
464800 -963558
464900 -963564
465000 -963610
465100 -963664
465200 -963658
465300 -963684
465400 -963725
465500 -963725
465600 -963743
465700 -963774
465800 -963817
465900 -963908
466000 -963978
466100 -964059
466200 -964108
466300 -964125
466400 -964150
466500 -964156
466600 -964188
466700 -964245
466800 -964311
466900 -964320
467000 -964382
467100 -964410
467200 -964462
467300 -964512
467400 -964565
467500 -964577
467600 -964622
467700 -964627
467800 -964665
467900 -964749
468000 -964803
468100 -964873
468200 -964876
468300 -964924
468400 -964907
468500 -964965
468600 -965042
468700 -965037
468800 -965086
468900 -965090
469000 -965143
469100 -965182
469200 -965243
469300 -965307
469400 -965329
469500 -965343
469600 -965392
469700 -965462
469800 -965521
469900 -965514
470000 -965591
470100 -965653
470200 -965725
470300 -965793
470400 -965839
470500 -965938
470600 -965979
470700 -966035
470800 -966077
470900 -966078
471000 -966142
471100 -966183
471200 -966218
471300 -966277
471400 -966319
471500 -966389
471600 -966431
471700 -966472
471800 -966528
471900 -966544
472000 -966587
472100 -966594
472200 -966669
472300 -966731
472400 -966789
472500 -966797
472600 -966819
472700 -966860
472800 -966909
472900 -966930
473000 -966955
473100 -966992
473200 -967047
473300 -967083
473400 -967160
473500 -967192
473600 -967248
473700 -967258
473800 -967326
473900 -967373
474000 -967431
474100 -967457
474200 -967485
474300 -967521
474400 -967561
474500 -967577
474600 -967601
474700 -967605
474800 -967656
474900 -967718
475000 -967752
475100 -967818
475200 -967871
475300 -967905
475400 -967951
475500 -967978
475600 -968001
475700 -968043
475800 -968056
475900 -968094
476000 -968161
476100 -968197
476200 -968222
476300 -968241
476400 -968294
476500 -968342
476600 -968396
476700 -968437
476800 -968474
476900 -968474
477000 -968522
477100 -968574
477200 -968644
477300 -968692
477400 -968717
477500 -968789
477600 -968865
477700 -968945
477800 -968996
477900 -969068
478000 -969087
478100 -969122
478200 -969136
478300 -969186
478400 -969212
478500 -969268
478600 -969254
478700 -969263
478800 -969299
478900 -969328
479000 -969377
479100 -969403
479200 -969444
479300 -969502
479400 -969577
479500 -969580
479600 -969632
479700 -969694
479800 -969716
479900 -969743
480000 -969724
480100 -969788
480200 -969847
480300 -969885
480400 -969927
480500 -969933
480600 -969993
480700 -970019
480800 -970068
480900 -970088
481000 -970108
481100 -970157
481200 -970183
481300 -970265
481400 -970291
481500 -970355
481600 -970422
481700 -970469
481800 -970501
481900 -970608
482000 -970637
482100 -970709
482200 -970749
482300 -970766
482400 -970783
482500 -970818
482600 -970880
482700 -970933
482800 -971019
482900 -971057
483000 -971103
483100 -971132
483200 -971160
483300 -971182
483400 -971183
483500 -971210
483600 -971248
483700 -971264
483800 -971280
483900 -971311
484000 -971333
484100 -971368
484200 -971442
484300 -971496
484400 -971516
484500 -971538
484600 -971602
484700 -971657
484800 -971692
484900 -971728
485000 -971798
485100 -971808
485200 -971871
485300 -971928
485400 -971959
485500 -971998
485600 -972030
485700 -972028
485800 -972097
485900 -972143
486000 -972205
486100 -972261
486200 -972317
486300 -972344
486400 -972354
486500 -972390
486600 -972413
486700 -972399
486800 -972477
486900 -972505
487000 -972525
487100 -972540
487200 -972596
487300 -972621
487400 -972657
487500 -972717
487600 -972796
487700 -972843
487800 -972832
487900 -972874
488000 -972920
488100 -972964
488200 -973028
488300 -973063
488400 -973129
488500 -973194
488600 -973223
488700 -973252
488800 -973264
488900 -973310
489000 -973344
489100 -973349
489200 -973412
489300 -973481
489400 -973530
489500 -973601
489600 -973669
489700 -973735
489800 -973754
489900 -973754
490000 -973808
490100 -973858
490200 -973930
490300 -974007
490400 -974046
490500 -974076
490600 -974126
490700 -974174
490800 -974213
490900 -974297
491000 -974368
491100 -974425
491200 -974449
491300 -974498
491400 -974538
491500 -974551
491600 -974605
491700 -974673
491800 -974709
491900 -974725
492000 -974761
492100 -974788
492200 -974788
492300 -974784
492400 -974815
492500 -974826
492600 -974885
492700 -974966
492800 -975013
492900 -975050
493000 -975079
493100 -975130
493200 -975131
493300 -975166
493400 -975188
493500 -975214
493600 -975246
493700 -975275
493800 -975336
493900 -975420
494000 -975459
494100 -975525
494200 -975567
494300 -975580
494400 -975596
494500 -975628
494600 -975723
494700 -975748
494800 -975789
494900 -975826
495000 -975842
495100 -975878
495200 -975922
495300 -975935
495400 -976015
495500 -976047
495600 -976103
495700 -976132
495800 -976168
495900 -976244
496000 -976308
496100 -976310
496200 -976374
496300 -976373
496400 -976396
496500 -976449
496600 -976494
496700 -976515
496800 -976572
496900 -976657
497000 -976688
497100 -976720
497200 -976743
497300 -976778
497400 -976782
497500 -976854
497600 -976927
497700 -976955
497800 -977019
497900 -977052
498000 -977064
498100 -977081
498200 -977138
498300 -977158
498400 -977132
498500 -977167
498600 -977235
498700 -977267
498800 -977324
498900 -977344
499000 -977392
499100 -977444
499200 -977446
499300 -977462
499400 -977537
499500 -977612
499600 -977673
499700 -977695
499800 -977724
499900 -977800
