0 -94950
100 -94995
200 -95030
300 -95083
400 -95149
500 -95249
600 -95295
700 -95391
800 -95408
900 -95466
1000 -95486
1100 -95472
1200 -95518
1300 -95539
1400 -95585
1500 -95608
1600 -95641
1700 -95707
1800 -95822
1900 -95862
2000 -95883
2100 -95954
2200 -96013
2300 -96070
2400 -96131
2500 -96179
2600 -96199
2700 -96311
2800 -96295
2900 -96339
3000 -96412
3100 -96545
3200 -96685
3300 -96831
3400 -97001
3500 -97055
3600 -97108
3700 -97191
3800 -97246
3900 -97425
4000 -97539
4100 -97670
4200 -97744
4300 -97814
4400 -97846
4500 -97950
4600 -98083
4700 -98200
4800 -98246
4900 -98322
5000 -98447
5100 -98526
5200 -98663
5300 -98701
5400 -98785
5500 -98899
5600 -98921
5700 -98980
5800 -99020
5900 -99111
6000 -99201
6100 -99227
6200 -99353
6300 -99441
6400 -99671
6500 -99784
6600 -99898
6700 -99953
6800 -100101
6900 -100281
7000 -100463
7100 -100570
7200 -100631
7300 -100810
7400 -100941
7500 -101052
7600 -101148
7700 -101215
7800 -101345
7900 -101377
8000 -101506
8100 -101606
8200 -101743
8300 -101844
8400 -101951
8500 -102074
8600 -102175
8700 -102310
8800 -102441
8900 -102534
9000 -102652
9100 -102766
9200 -102918
9300 -103069
9400 -103195
9500 -103338
9600 -103404
9700 -103491
9800 -103653
9900 -103748
10000 -103806
10100 -103988
10200 -104084
10300 -104199
10400 -104291
10500 -104387
10600 -104493
10700 -104643
10800 -104715
10900 -104766
11000 -104928
11100 -105104
11200 -105163
11300 -105392
11400 -105504
11500 -105601
11600 -105692
11700 -105816
11800 -105967
11900 -106107
12000 -106170
12100 -106238
12200 -106338
12300 -106523
12400 -106635
12500 -106760
12600 -106851
12700 -106962
12800 -107110
12900 -107191
13000 -107312
13100 -107412
13200 -107557
13300 -107622
13400 -107775
13500 -107899
13600 -107998
13700 -108073
13800 -108176
13900 -108309
14000 -108476
14100 -108700
14200 -108965
14300 -109114
14400 -109243
14500 -109398
14600 -109576
14700 -109673
14800 -109865
14900 -109981
15000 -110177
15100 -110320
15200 -110410
15300 -110550
15400 -110689
15500 -110789
15600 -110842
15700 -111006
15800 -111133
15900 -111204
16000 -111285
16100 -111392
16200 -111550
16300 -111695
16400 -111862
16500 -112067
16600 -112192
16700 -112295
16800 -112337
16900 -112442
17000 -112540
17100 -112674
17200 -112769
17300 -112909
17400 -113055
17500 -113192
17600 -113311
17700 -113426
17800 -113620
17900 -113726
18000 -113858
18100 -114018
18200 -114083
18300 -114208
18400 -114273
18500 -114343
18600 -114459
18700 -114637
18800 -114785
18900 -114893
19000 -115036
19100 -115226
19200 -115377
19300 -115439
19400 -115581
19500 -115730
19600 -115833
19700 -115942
19800 -116107
19900 -116219
20000 -116351
20100 -116479
20200 -116541
20300 -116717
20400 -116801
20500 -116922
20600 -117037
20700 -117170
20800 -117285
20900 -117414
21000 -117534
21100 -117575
21200 -117733
21300 -117849
21400 -117942
21500 -117959
21600 -118139
21700 -118332
21800 -118442
21900 -118578
22000 -118632
22100 -118713
22200 -118793
22300 -118946
22400 -119001
22500 -119071
22600 -119136
22700 -119164
22800 -119269
22900 -119379
23000 -119416
23100 -119532
23200 -119680
23300 -119776
23400 -119845
23500 -119942
23600 -120085
23700 -120193
23800 -120315
23900 -120452
24000 -120532
24100 -120613
24200 -120750
24300 -120830
24400 -120929
24500 -121023
24600 -121200
24700 -121313
24800 -121370
24900 -121480
25000 -121577
25100 -121646
25200 -121764
25300 -121860
25400 -121991
25500 -122058
25600 -122152
25700 -122277
25800 -122392
25900 -122421
26000 -122519
26100 -122627
26200 -122716
26300 -122815
26400 -122963
26500 -123035
26600 -123137
26700 -123224
26800 -123298
26900 -123431
27000 -123613
27100 -123667
27200 -123715
27300 -123838
27400 -123957
27500 -124032
27600 -124147
27700 -124265
27800 -124327
27900 -124439
28000 -124503
28100 -124568
28200 -124688
28300 -124774
28400 -124909
28500 -125050
28600 -125182
28700 -125283
28800 -125374
28900 -125475
29000 -125603
29100 -125610
29200 -125724
29300 -125823
29400 -125936
29500 -126062
29600 -126221
29700 -126314
29800 -126385
29900 -126496
30000 -126633
30100 -126749
30200 -126880
30300 -127040
30400 -127124
30500 -127250
30600 -127410
30700 -127479
30800 -127576
30900 -127620
31000 -127712
31100 -127780
31200 -127900
31300 -127959
31400 -128029
31500 -128094
31600 -128144
31700 -128270
31800 -128341
31900 -128453
32000 -128589
32100 -128650
32200 -128711
32300 -128891
32400 -128985
32500 -129061
32600 -129210
32700 -129330
32800 -129419
32900 -129467
33000 -129589
33100 -129621
33200 -129694
33300 -129761
33400 -129849
33500 -129956
33600 -130065
33700 -130139
33800 -130233
33900 -130324
34000 -130452
34100 -130550
34200 -130671
34300 -130828
34400 -130962
34500 -131036
34600 -131133
34700 -131283
34800 -131441
34900 -131533
35000 -131647
35100 -131692
35200 -131755
35300 -131798
35400 -131911
35500 -131981
35600 -132075
35700 -132137
35800 -132198
35900 -132304
36000 -132317
36100 -132360
36200 -132423
36300 -132537
36400 -132589
36500 -132727
36600 -132880
36700 -132989
36800 -133115
36900 -133188
37000 -133288
37100 -133309
37200 -133400
37300 -133484
37400 -133504
37500 -133590
37600 -133643
37700 -133661
37800 -133758
37900 -133902
38000 -134045
38100 -134102
38200 -134137
38300 -134268
38400 -134294
38500 -134367
38600 -134480
38700 -134582
38800 -134736
38900 -134864
39000 -134966
39100 -135108
39200 -135170
39300 -135214
39400 -135287
39500 -135411
39600 -135446
39700 -135541
39800 -135619
39900 -135736
40000 -135805
40100 -135949
40200 -135967
40300 -136047
40400 -136158
40500 -136250
40600 -136398
40700 -136499
40800 -136593
40900 -136667
41000 -136700
41100 -136818
41200 -136896
41300 -137044
41400 -137143
41500 -137212
41600 -137351
41700 -137437
41800 -137510
41900 -137600
42000 -137725
42100 -137762
42200 -137841
42300 -137911
42400 -137970
42500 -138069
42600 -138191
42700 -138238
42800 -138317
42900 -138400
43000 -138511
43100 -138630
43200 -138754
43300 -138862
43400 -138969
43500 -139028
43600 -139078
43700 -139243
43800 -139308
43900 -139366
44000 -139467
44100 -139570
44200 -139681
44300 -139731
44400 -139714
44500 -139835
44600 -139929
44700 -139948
44800 -140030
44900 -140119
45000 -140176
45100 -140252
45200 -140338
45300 -140439
45400 -140527
45500 -140618
45600 -140791
45700 -140820
45800 -140879
45900 -140964
46000 -141013
46100 -141080
46200 -141117
46300 -141227
46400 -141303
46500 -141414
46600 -141531
46700 -141653
46800 -141733
46900 -141811
47000 -141847
47100 -141952
47200 -142037
47300 -142193
47400 -142283
47500 -142308
47600 -142387
47700 -142440
47800 -142390
47900 -142440
48000 -142497
48100 -142650
48200 -142698
48300 -142754
48400 -142793
48500 -142876
48600 -142943
48700 -143063
48800 -143136
48900 -143230
49000 -143295
49100 -143335
49200 -143413
49300 -143523
49400 -143566
49500 -143642
49600 -143711
49700 -143817
49800 -143960
49900 -144057
50000 -144107
50100 -144199
50200 -144309
50300 -144372
50400 -144379
50500 -144485
50600 -144566
50700 -144676
50800 -144761
50900 -144875
51000 -144956
51100 -145081
51200 -145158
51300 -145327
51400 -145399
51500 -145459
51600 -145474
51700 -145579
51800 -145646
51900 -145700
52000 -145804
52100 -145851
52200 -145834
52300 -145903
52400 -145971
52500 -146041
52600 -146119
52700 -146147
52800 -146201
52900 -146276
53000 -146340
53100 -146410
53200 -146503
53300 -146557
53400 -146658
53500 -146744
53600 -146871
53700 -146929
53800 -146990
53900 -147084
54000 -147145
54100 -147279
54200 -147331
54300 -147450
54400 -147499
54500 -147523
54600 -147582
54700 -147613
54800 -147700
54900 -147702
55000 -147796
55100 -147796
55200 -147845
55300 -147893
55400 -147914
55500 -148007
55600 -148050
55700 -148162
55800 -148246
55900 -148287
56000 -148356
56100 -148402
56200 -148419
56300 -148521
56400 -148611
56500 -148720
56600 -148887
56700 -148978
56800 -149074
56900 -149116
57000 -149160
57100 -149255
57200 -149342
57300 -149416
57400 -149438
57500 -149508
57600 -149642
57700 -149768
57800 -149813
57900 -149879
58000 -149989
58100 -150066
58200 -150147
58300 -150235
58400 -150305
58500 -150409
58600 -150528
58700 -150565
58800 -150644
58900 -150700
59000 -150799
59100 -150868
59200 -150890
59300 -150979
59400 -151097
59500 -151239
59600 -151274
59700 -151328
59800 -151347
59900 -151417
60000 -151462
60100 -151562
60200 -151599
60300 -151695
60400 -151765
60500 -151835
60600 -151956
60700 -152014
60800 -152084
60900 -152142
61000 -152169
61100 -152270
61200 -152326
61300 -152424
61400 -152465
61500 -152522
61600 -152568
61700 -152587
61800 -152680
61900 -152714
62000 -152781
62100 -152799
62200 -152875
62300 -152955
62400 -153078
62500 -153160
62600 -153193
62700 -153274
62800 -153402
62900 -153447
63000 -153560
63100 -153612
63200 -153645
63300 -153720
63400 -153791
63500 -153776
63600 -153914
63700 -153974
63800 -154040
63900 -154085
64000 -154120
64100 -154194
64200 -154195
64300 -154282
64400 -154351
64500 -154427
64600 -154510
64700 -154610
64800 -154728
64900 -154831
65000 -154884
65100 -154948
65200 -154999
65300 -155067
65400 -155101
65500 -155213
65600 -155264
65700 -155346
65800 -155394
65900 -155447
66000 -155542
66100 -155633
66200 -155687
66300 -155690
66400 -155819
66500 -155841
66600 -155838
66700 -155894
66800 -155967
66900 -155984
67000 -155996
67100 -156080
67200 -156152
67300 -156214
67400 -156283
67500 -156357
67600 -156457
67700 -156561
67800 -156621
67900 -156670
68000 -156750
68100 -156878
68200 -156987
68300 -157034
68400 -157154
68500 -157229
68600 -157344
68700 -157393
68800 -157444
68900 -157464
69000 -157602
69100 -157616
69200 -157728
69300 -157778
69400 -157860
69500 -157960
69600 -157962
69700 -158019
69800 -158078
69900 -158143
70000 -158193
70100 -158219
70200 -158260
70300 -158288
70400 -158279
70500 -158327
70600 -158374
70700 -158461
70800 -158519
70900 -158581
71000 -158600
71100 -158636
71200 -158644
71300 -158671
71400 -158704
71500 -158803
71600 -158929
71700 -158940
71800 -159015
71900 -159074
72000 -159146
72100 -159252
72200 -159317
72300 -159419
72400 -159490
72500 -159565
72600 -159624
72700 -159674
72800 -159693
72900 -159761
73000 -159852
73100 -159912
73200 -159996
73300 -160102
73400 -160217
73500 -160204
73600 -160223
73700 -160257
73800 -160355
73900 -160458
74000 -160503
74100 -160576
74200 -160641
74300 -160676
74400 -160720
74500 -160785
74600 -160854
74700 -160871
74800 -160854
74900 -160878
75000 -160996
75100 -161031
75200 -161110
75300 -161172
75400 -161211
75500 -161226
75600 -161293
75700 -161341
75800 -161360
75900 -161421
76000 -161512
76100 -161613
76200 -161632
76300 -161692
76400 -161823
76500 -161913
76600 -161934
76700 -161947
76800 -162003
76900 -162092
77000 -162152
77100 -162216
77200 -162228
77300 -162264
77400 -162287
77500 -162334
77600 -162417
77700 -162492
77800 -162565
77900 -162571
78000 -162643
78100 -162734
78200 -162839
78300 -162859
78400 -162852
78500 -162916
78600 -162962
78700 -162951
78800 -162951
78900 -163067
79000 -163113
79100 -163186
79200 -163281
79300 -163393
79400 -163389
79500 -163404
79600 -163479
79700 -163500
79800 -163525
79900 -163607
80000 -163644
80100 -163635
80200 -163692
80300 -163739
80400 -163794
80500 -163869
80600 -163962
80700 -164029
80800 -164087
80900 -164134
81000 -164193
81100 -164274
81200 -164415
81300 -164455
81400 -164470
81500 -164487
81600 -164579
81700 -164602
81800 -164617
81900 -164643
82000 -164712
82100 -164822
82200 -164867
82300 -164955
82400 -165047
82500 -165102
82600 -165243
82700 -165266
82800 -165324
82900 -165387
83000 -165436
83100 -165496
83200 -165612
83300 -165669
83400 -165733
83500 -165756
83600 -165863
83700 -165912
83800 -165945
83900 -166061
84000 -166157
84100 -166197
84200 -166291
84300 -166327
84400 -166402
84500 -166460
84600 -166519
84700 -166521
84800 -166576
84900 -166689
85000 -166761
85100 -166776
85200 -166864
85300 -166920
85400 -166981
85500 -167003
85600 -167046
85700 -167137
85800 -167148
85900 -167231
86000 -167325
86100 -167411
86200 -167471
86300 -167531
86400 -167579
86500 -167591
86600 -167670
86700 -167649
86800 -167707
86900 -167790
87000 -167801
87100 -167877
87200 -167933
87300 -167975
87400 -168007
87500 -168041
87600 -168112
87700 -168206
87800 -168340
87900 -168277
88000 -168325
88100 -168335
88200 -168433
88300 -168520
88400 -168554
88500 -168694
88600 -168767
88700 -168839
88800 -168888
88900 -168942
89000 -168946
89100 -169012
89200 -169068
89300 -169120
89400 -169199
89500 -169258
89600 -169344
89700 -169439
89800 -169502
89900 -169531
90000 -169552
90100 -169575
90200 -169613
90300 -169640
90400 -169685
90500 -169733
90600 -169815
90700 -169878
90800 -169923
90900 -169975
91000 -170045
91100 -170063
91200 -170103
91300 -170155
91400 -170192
91500 -170253
91600 -170338
91700 -170395
91800 -170396
91900 -170491
92000 -170550
92100 -170533
92200 -170609
92300 -170709
92400 -170783
92500 -170811
92600 -170819
92700 -170883
92800 -170959
92900 -170941
93000 -171045
93100 -171100
93200 -171137
93300 -171252
93400 -171316
93500 -171373
93600 -171431
93700 -171508
93800 -171544
93900 -171578
94000 -171605
94100 -171700
94200 -171734
94300 -171771
94400 -171827
94500 -171846
94600 -171886
94700 -171944
94800 -171995
94900 -172052
95000 -172094
95100 -172164
95200 -172235
95300 -172294
95400 -172381
95500 -172370
95600 -172407
95700 -172445
95800 -172494
95900 -172512
96000 -172522
96100 -172561
96200 -172613
96300 -172665
96400 -172718
96500 -172790
96600 -172823
96700 -172923
96800 -172925
96900 -172930
97000 -172948
97100 -173011
97200 -173024
97300 -173042
97400 -173151
97500 -173177
97600 -173243
97700 -173335
97800 -173352
97900 -173342
98000 -173367
98100 -173465
98200 -173496
98300 -173525
98400 -173576
98500 -173650
98600 -173698
98700 -173720
98800 -173734
98900 -173811
99000 -173867
99100 -173920
99200 -174026
99300 -174104
99400 -174110
99500 -174172
99600 -174196
99700 -174212
99800 -174290
99900 -174342
100000 -174382
100100 -174398
100200 -174433
100300 -174500
100400 -174589
100500 -174591
100600 -174681
100700 -174680
100800 -174747
100900 -174773
101000 -174828
101100 -174931
101200 -175022
101300 -175070
101400 -175127
101500 -175179
101600 -175311
101700 -175408
101800 -175434
101900 -175492
102000 -175530
102100 -175564
102200 -175600
102300 -175668
102400 -175686
102500 -175753
102600 -175835
102700 -175923
102800 -175949
102900 -176007
103000 -176046
103100 -176107
103200 -176159
103300 -176182
103400 -176231
103500 -176239
103600 -176323
103700 -176391
103800 -176442
103900 -176511
104000 -176666
104100 -176732
104200 -176822
104300 -176855
104400 -176950
104500 -177008
104600 -177046
104700 -177055
104800 -177159
104900 -177179
105000 -177251
105100 -177309
105200 -177377
105300 -177395
105400 -177468
105500 -177493
105600 -177530
105700 -177587
105800 -177618
105900 -177650
106000 -177755
106100 -177817
106200 -177857
106300 -177898
106400 -177916
106500 -178049
106600 -178146
106700 -178243
106800 -178272
106900 -178343
107000 -178435
107100 -178491
107200 -178525
107300 -178627
107400 -178699
107500 -178731
107600 -178792
107700 -178879
107800 -178883
107900 -178960
108000 -179012
108100 -179000
108200 -179068
108300 -179130
108400 -179168
108500 -179259
108600 -179342
108700 -179365
108800 -179438
108900 -179456
109000 -179437
109100 -179561
109200 -179576
109300 -179602
109400 -179656
109500 -179734
109600 -179790
109700 -179845
109800 -179965
109900 -180001
110000 -180054
110100 -180101
110200 -180147
110300 -180230
110400 -180214
110500 -180278
110600 -180287
110700 -180319
110800 -180322
110900 -180378
111000 -180465
111100 -180425
111200 -180487
111300 -180539
111400 -180617
111500 -180643
111600 -180689
111700 -180623
111800 -180645
111900 -180664
112000 -180728
112100 -180789
112200 -180827
112300 -180895
112400 -180903
112500 -180931
112600 -181008
112700 -181031
112800 -181063
112900 -181149
113000 -181187
113100 -181277
113200 -181339
113300 -181355
113400 -181429
113500 -181470
113600 -181487
113700 -181547
113800 -181587
113900 -181614
114000 -181686
114100 -181752
114200 -181830
114300 -181892
114400 -181949
114500 -182043
114600 -182069
114700 -182131
114800 -182156
114900 -182202
115000 -182240
115100 -182292
115200 -182376
115300 -182375
115400 -182455
115500 -182447
115600 -182478
115700 -182548
115800 -182547
115900 -182650
116000 -182712
116100 -182805
116200 -182846
116300 -182865
116400 -182874
116500 -182948
116600 -183046
116700 -183045
116800 -183030
116900 -183118
117000 -183185
117100 -183186
117200 -183263
117300 -183333
117400 -183378
117500 -183404
117600 -183414
117700 -183451
117800 -183533
117900 -183567
118000 -183595
118100 -183648
118200 -183719
118300 -183707
118400 -183771
118500 -183798
118600 -183828
118700 -183913
118800 -183999
118900 -184080
119000 -184092
119100 -184110
119200 -184170
119300 -184211
119400 -184252
119500 -184280
119600 -184334
119700 -184428
119800 -184453
119900 -184492
120000 -184555
120100 -184544
120200 -184622
120300 -184574
120400 -184548
120500 -184630
120600 -184697
120700 -184727
120800 -184715
120900 -184766
121000 -184771
121100 -184824
121200 -184830
121300 -184847
121400 -184897
121500 -184896
121600 -184944
121700 -185018
121800 -185062
121900 -185089
122000 -185125
122100 -185208
122200 -185238
122300 -185317
122400 -185331
122500 -185361
122600 -185392
122700 -185450
122800 -185506
122900 -185534
123000 -185583
123100 -185638
123200 -185651
123300 -185702
123400 -185697
123500 -185672
123600 -185726
123700 -185784
123800 -185839
123900 -185882
124000 -185957
124100 -186020
124200 -186034
124300 -186029
124400 -186084
124500 -186176
124600 -186254
124700 -186310
124800 -186336
124900 -186405
125000 -186459
125100 -186474
125200 -186450
125300 -186474
125400 -186478
125500 -186505
125600 -186540
125700 -186605
125800 -186666
125900 -186751
126000 -186803
126100 -186859
126200 -186873
126300 -186856
126400 -186920
126500 -186948
126600 -186967
126700 -186992
126800 -187036
126900 -187047
127000 -187047
127100 -187089
127200 -187131
127300 -187152
127400 -187209
127500 -187247
127600 -187280
127700 -187341
127800 -187373
127900 -187424
128000 -187470
128100 -187540
128200 -187561
128300 -187570
128400 -187604
128500 -187683
128600 -187713
128700 -187745
128800 -187772
128900 -187789
129000 -187793
129100 -187833
129200 -187856
129300 -187885
129400 -187910
129500 -187938
129600 -187969
129700 -188001
129800 -188010
129900 -188046
130000 -188092
130100 -188115
130200 -188116
130300 -188149
130400 -188155
130500 -188193
130600 -188222
130700 -188263
130800 -188295
130900 -188327
131000 -188366
131100 -188440
131200 -188457
131300 -188570
131400 -188605
131500 -188642
131600 -188689
131700 -188744
131800 -188799
131900 -188841
132000 -188842
132100 -188933
132200 -188990
132300 -189005
132400 -189024
132500 -189056
132600 -189081
132700 -189118
132800 -189138
132900 -189217
133000 -189235
133100 -189291
133200 -189317
133300 -189395
133400 -189384
133500 -189435
133600 -189428
133700 -189439
133800 -189507
133900 -189525
134000 -189553
134100 -189618
134200 -189650
134300 -189737
134400 -189748
134500 -189819
134600 -189827
134700 -189819
134800 -189882
134900 -189910
135000 -189961
135100 -189970
135200 -190029
135300 -190079
135400 -190087
135500 -190125
135600 -190161
135700 -190153
135800 -190232
135900 -190232
136000 -190275
136100 -190304
136200 -190343
136300 -190395
136400 -190406
136500 -190479
136600 -190504
136700 -190533
136800 -190563
136900 -190615
137000 -190729
137100 -190708
137200 -190712
137300 -190747
137400 -190850
137500 -190869
137600 -190904
137700 -190902
137800 -190912
137900 -190913
138000 -190953
138100 -190986
138200 -191001
138300 -191018
138400 -191041
138500 -191097
138600 -191134
138700 -191167
138800 -191189
138900 -191237
139000 -191288
139100 -191359
139200 -191389
139300 -191433
139400 -191509
139500 -191533
139600 -191558
139700 -191598
139800 -191682
139900 -191711
140000 -191724
140100 -191748
140200 -191812
140300 -191896
140400 -191884
140500 -191947
140600 -191955
140700 -192025
140800 -192043
140900 -192093
141000 -192126
141100 -192147
141200 -192178
141300 -192187
141400 -192216
141500 -192233
141600 -192214
141700 -192265
141800 -192278
141900 -192283
142000 -192289
142100 -192319
142200 -192368
142300 -192410
142400 -192472
142500 -192558
142600 -192568
142700 -192566
142800 -192588
142900 -192645
143000 -192628
143100 -192656
143200 -192637
143300 -192677
143400 -192693
143500 -192654
143600 -192652
143700 -192673
143800 -192778
143900 -192827
144000 -192836
144100 -192858
144200 -192892
144300 -192959
144400 -193033
144500 -193004
144600 -193033
144700 -193050
144800 -193112
144900 -193182
145000 -193183
145100 -193165
145200 -193168
145300 -193228
145400 -193254
145500 -193264
145600 -193329
145700 -193352
145800 -193458
145900 -193472
146000 -193538
146100 -193585
146200 -193613
146300 -193609
146400 -193603
146500 -193626
146600 -193667
146700 -193683
146800 -193750
146900 -193783
147000 -193836
147100 -193876
147200 -193945
147300 -194022
147400 -194108
147500 -194136
147600 -194200
147700 -194286
147800 -194288
147900 -194362
148000 -194377
148100 -194429
148200 -194503
148300 -194488
148400 -194562
148500 -194576
148600 -194645
148700 -194683
148800 -194663
148900 -194680
149000 -194704
149100 -194750
149200 -194804
149300 -194841
149400 -194842
149500 -194802
149600 -194820
149700 -194812
149800 -194790
149900 -194837
150000 -194827
150100 -194861
150200 -194913
150300 -194933
150400 -194933
150500 -194950
150600 -194943
150700 -194978
150800 -195040
150900 -195007
151000 -195016
151100 -195081
151200 -195099
151300 -195105
151400 -195154
151500 -195152
151600 -195222
151700 -195219
151800 -195303
151900 -195381
152000 -195437
152100 -195501
152200 -195582
152300 -195595
152400 -195624
152500 -195685
152600 -195737
152700 -195743
152800 -195790
152900 -195830
153000 -195868
153100 -195887
153200 -195946
153300 -195982
153400 -196028
153500 -196061
153600 -196142
153700 -196202
153800 -196228
153900 -196221
154000 -196297
154100 -196364
154200 -196418
154300 -196451
154400 -196499
154500 -196536
154600 -196590
154700 -196619
154800 -196603
154900 -196656
155000 -196689
155100 -196737
155200 -196788
155300 -196817
155400 -196857
155500 -196847
155600 -196841
155700 -196878
155800 -196892
155900 -196907
156000 -196958
156100 -197022
156200 -197067
156300 -197121
156400 -197098
156500 -197122
156600 -197123
156700 -197112
156800 -197135
156900 -197115
157000 -197160
157100 -197216
157200 -197219
157300 -197229
157400 -197288
157500 -197294
157600 -197326
157700 -197352
157800 -197389
157900 -197449
158000 -197483
158100 -197512
158200 -197495
158300 -197516
158400 -197564
158500 -197566
158600 -197573
158700 -197618
158800 -197638
158900 -197668
159000 -197682
159100 -197673
159200 -197718
159300 -197729
159400 -197772
159500 -197813
159600 -197851
159700 -197869
159800 -197894
159900 -197894
160000 -197947
160100 -197965
160200 -197989
160300 -197988
160400 -197986
160500 -197990
160600 -198048
160700 -198079
160800 -198106
160900 -198133
161000 -198206
161100 -198216
161200 -198228
161300 -198220
161400 -198206
161500 -198203
161600 -198274
161700 -198282
161800 -198243
161900 -198292
162000 -198355
162100 -198411
162200 -198438
162300 -198524
162400 -198513
162500 -198477
162600 -198519
162700 -198594
162800 -198585
162900 -198604
163000 -198634
163100 -198684
163200 -198722
163300 -198735
163400 -198752
163500 -198778
163600 -198858
163700 -198879
163800 -198969
163900 -199023
164000 -199032
164100 -199096
164200 -199141
164300 -199141
164400 -199179
164500 -199200
164600 -199220
164700 -199231
164800 -199238
164900 -199216
165000 -199214
165100 -199232
165200 -199240
165300 -199295
165400 -199321
165500 -199368
165600 -199451
165700 -199544
165800 -199564
165900 -199620
166000 -199657
166100 -199656
166200 -199703
166300 -199758
166400 -199831
166500 -199837
166600 -199874
166700 -199869
166800 -199870
166900 -199914
167000 -199925
167100 -199948
167200 -199996
167300 -200041
167400 -200035
167500 -200089
167600 -200042
167700 -200049
167800 -200032
167900 -200111
168000 -200156
168100 -200132
168200 -200180
168300 -200230
168400 -200235
168500 -200255
168600 -200254
168700 -200270
168800 -200298
168900 -200349
169000 -200360
169100 -200392
169200 -200423
169300 -200449
169400 -200447
169500 -200462
169600 -200511
169700 -200489
169800 -200498
169900 -200525
170000 -200595
170100 -200662
170200 -200667
170300 -200692
170400 -200726
170500 -200729
170600 -200740
170700 -200757
170800 -200775
170900 -200791
171000 -200816
171100 -200871
171200 -200873
171300 -200940
171400 -200965
171500 -200983
171600 -200963
171700 -201019
171800 -201029
171900 -201081
172000 -201063
172100 -201109
172200 -201155
172300 -201193
172400 -201235
172500 -201281
172600 -201372
172700 -201387
172800 -201395
172900 -201414
173000 -201432
173100 -201438
173200 -201423
173300 -201436
173400 -201535
173500 -201570
173600 -201581
173700 -201629
173800 -201663
173900 -201689
174000 -201706
174100 -201711
174200 -201707
174300 -201728
174400 -201791
174500 -201800
174600 -201766
174700 -201805
174800 -201843
174900 -201879
175000 -201955
175100 -201986
175200 -202006
175300 -202078
175400 -202108
175500 -202120
175600 -202154
175700 -202152
175800 -202209
175900 -202204
176000 -202279
176100 -202309
176200 -202327
176300 -202358
176400 -202377
176500 -202376
176600 -202400
176700 -202400
176800 -202450
176900 -202461
177000 -202487
177100 -202512
177200 -202532
177300 -202557
177400 -202604
177500 -202587
177600 -202634
177700 -202633
177800 -202697
177900 -202711
178000 -202726
178100 -202782
178200 -202800
178300 -202859
178400 -202845
178500 -202878
178600 -202920
178700 -202918
178800 -202923
178900 -203007
179000 -203029
179100 -203056
179200 -203066
179300 -203112
179400 -203124
179500 -203142
179600 -203155
179700 -203162
179800 -203204
179900 -203252
180000 -203253
180100 -203274
180200 -203311
180300 -203360
180400 -203371
180500 -203425
180600 -203524
180700 -203530
180800 -203549
180900 -203595
181000 -203658
181100 -203706
181200 -203724
181300 -203752
181400 -203767
181500 -203771
181600 -203820
181700 -203875
181800 -203893
181900 -203969
182000 -203992
182100 -204052
182200 -204139
182300 -204168
182400 -204203
182500 -204211
182600 -204288
182700 -204295
182800 -204296
182900 -204331
183000 -204332
183100 -204333
183200 -204414
183300 -204448
183400 -204466
183500 -204525
183600 -204613
183700 -204640
183800 -204716
183900 -204775
184000 -204797
184100 -204858
184200 -204899
184300 -204973
184400 -205023
184500 -205027
184600 -205052
184700 -205091
184800 -205136
184900 -205158
185000 -205139
185100 -205129
185200 -205198
185300 -205248
185400 -205301
185500 -205348
185600 -205350
185700 -205403
185800 -205402
185900 -205425
186000 -205420
186100 -205479
186200 -205503
186300 -205520
186400 -205547
186500 -205588
186600 -205606
186700 -205590
186800 -205640
186900 -205675
187000 -205670
187100 -205697
187200 -205731
187300 -205726
187400 -205768
187500 -205789
187600 -205810
187700 -205834
187800 -205827
187900 -205880
188000 -205888
188100 -205927
188200 -205925
188300 -205966
188400 -206016
188500 -206069
188600 -206094
188700 -206128
188800 -206083
188900 -206150
189000 -206213
189100 -206279
189200 -206315
189300 -206364
189400 -206310
189500 -206316
189600 -206363
189700 -206381
189800 -206440
189900 -206481
190000 -206519
190100 -206535
190200 -206550
190300 -206560
190400 -206593
190500 -206595
190600 -206605
190700 -206633
190800 -206621
190900 -206601
191000 -206620
191100 -206682
191200 -206727
191300 -206790
191400 -206881
191500 -206863
191600 -206871
191700 -206918
191800 -206934
191900 -206999
192000 -207044
192100 -207057
192200 -207095
192300 -207103
192400 -207145
192500 -207125
192600 -207168
192700 -207193
192800 -207251
192900 -207301
193000 -207296
193100 -207327
193200 -207348
193300 -207390
193400 -207436
193500 -207477
193600 -207494
193700 -207535
193800 -207547
193900 -207630
194000 -207677
194100 -207673
194200 -207660
194300 -207693
194400 -207722
194500 -207749
194600 -207769
194700 -207766
194800 -207786
194900 -207773
195000 -207768
195100 -207792
195200 -207816
195300 -207841
195400 -207883
195500 -207910
195600 -207920
195700 -207928
195800 -207979
195900 -208060
196000 -208119
196100 -208115
196200 -208176
196300 -208180
196400 -208253
196500 -208294
196600 -208333
196700 -208326
196800 -208352
196900 -208389
197000 -208423
197100 -208442
197200 -208465
197300 -208528
197400 -208564
197500 -208604
197600 -208590
197700 -208595
197800 -208640
197900 -208661
198000 -208701
198100 -208699
198200 -208683
198300 -208712
198400 -208693
198500 -208731
198600 -208761
198700 -208767
198800 -208752
198900 -208749
199000 -208785
199100 -208829
199200 -208845
199300 -208887
199400 -208885
199500 -208921
199600 -208967
199700 -208974
199800 -208987
199900 -209056
200000 -209075
200100 -209111
200200 -209117
200300 -209110
200400 -209178
200500 -209214
200600 -209253
200700 -209295
200800 -209328
200900 -209357
201000 -209366
201100 -209425
201200 -209413
201300 -209438
201400 -209485
201500 -209490
201600 -209516
201700 -209564
201800 -209597
201900 -209584
202000 -209650
202100 -209682
202200 -209699
202300 -209749
202400 -209796
202500 -209815
202600 -209875
202700 -209899
202800 -209890
202900 -209905
203000 -209939
203100 -209949
203200 -209946
203300 -209985
203400 -209975
203500 -210036
203600 -210026
203700 -209992
203800 -209988
203900 -209979
204000 -210000
204100 -210044
204200 -210072
204300 -210088
204400 -210073
204500 -210117
204600 -210092
204700 -210110
204800 -210097
204900 -210139
205000 -210139
205100 -210153
205200 -210188
205300 -210181
205400 -210237
205500 -210228
205600 -210207
205700 -210219
205800 -210237
205900 -210271
206000 -210321
206100 -210341
206200 -210361
206300 -210373
206400 -210431
206500 -210434
206600 -210441
206700 -210480
206800 -210500
206900 -210529
207000 -210560
207100 -210566
207200 -210584
207300 -210636
207400 -210673
207500 -210619
207600 -210639
207700 -210689
207800 -210711
207900 -210745
208000 -210775
208100 -210767
208200 -210779
208300 -210827
208400 -210836
208500 -210884
208600 -210939
208700 -210979
208800 -210985
208900 -210992
209000 -211025
209100 -211069
209200 -211053
209300 -211063
209400 -211090
209500 -211096
209600 -211111
209700 -211136
209800 -211230
209900 -211235
210000 -211249
210100 -211256
210200 -211321
210300 -211348
210400 -211358
210500 -211403
210600 -211445
210700 -211488
210800 -211493
210900 -211501
211000 -211495
211100 -211555
211200 -211593
211300 -211648
211400 -211686
211500 -211708
211600 -211730
211700 -211779
211800 -211820
211900 -211823
212000 -211837
212100 -211841
212200 -211873
212300 -211842
212400 -211873
212500 -211927
212600 -211972
212700 -211973
212800 -212004
212900 -212062
213000 -212173
213100 -212195
213200 -212232
213300 -212297
213400 -212292
213500 -212378
213600 -212418
213700 -212476
213800 -212499
213900 -212515
214000 -212524
214100 -212589
214200 -212631
214300 -212681
214400 -212713
214500 -212731
214600 -212777
214700 -212795
214800 -212807
214900 -212837
215000 -212860
215100 -212877
215200 -212921
215300 -212943
215400 -212973
215500 -212981
215600 -212984
215700 -212982
215800 -212989
215900 -213036
216000 -213029
216100 -213058
216200 -213051
216300 -213068
216400 -213067
216500 -213137
216600 -213149
216700 -213132
216800 -213179
216900 -213167
217000 -213203
217100 -213218
217200 -213283
217300 -213248
217400 -213286
217500 -213334
217600 -213380
217700 -213388
217800 -213396
217900 -213452
218000 -213469
218100 -213502
218200 -213513
218300 -213504
218400 -213548
218500 -213604
218600 -213620
218700 -213609
218800 -213610
218900 -213647
219000 -213625
219100 -213651
219200 -213642
219300 -213637
219400 -213599
219500 -213600
219600 -213615
219700 -213663
219800 -213706
219900 -213764
220000 -213767
220100 -213787
220200 -213789
220300 -213782
220400 -213775
220500 -213814
220600 -213830
220700 -213829
220800 -213891
220900 -213956
221000 -213977
221100 -213986
221200 -213991
221300 -214009
221400 -214046
221500 -214050
221600 -214088
221700 -214117
221800 -214172
221900 -214197
222000 -214199
222100 -214248
222200 -214260
222300 -214342
222400 -214382
222500 -214374
222600 -214422
222700 -214406
222800 -214414
222900 -214402
223000 -214394
223100 -214387
223200 -214427
223300 -214450
223400 -214424
223500 -214494
223600 -214524
223700 -214490
223800 -214488
223900 -214505
224000 -214521
224100 -214515
224200 -214585
224300 -214591
224400 -214584
224500 -214605
224600 -214659
224700 -214710
224800 -214749
224900 -214826
225000 -214826
225100 -214889
225200 -214909
225300 -214919
225400 -214937
225500 -214971
225600 -215061
225700 -215046
225800 -215040
225900 -215079
226000 -215112
226100 -215162
226200 -215215
226300 -215206
226400 -215209
226500 -215253
226600 -215302
226700 -215332
226800 -215345
226900 -215342
227000 -215377
227100 -215409
227200 -215393
227300 -215445
227400 -215442
227500 -215455
227600 -215481
227700 -215535
227800 -215566
227900 -215582
228000 -215551
228100 -215553
228200 -215571
228300 -215569
228400 -215575
228500 -215555
228600 -215531
228700 -215530
228800 -215568
228900 -215554
229000 -215560
229100 -215607
229200 -215628
229300 -215622
229400 -215682
229500 -215725
229600 -215739
229700 -215724
229800 -215740
229900 -215760
230000 -215807
230100 -215861
230200 -215882
230300 -215886
230400 -215931
230500 -215980
230600 -215990
230700 -216002
230800 -216080
230900 -216109
231000 -216074
231100 -216116
231200 -216125
231300 -216124
231400 -216167
231500 -216178
231600 -216195
231700 -216195
231800 -216215
231900 -216253
232000 -216297
232100 -216305
232200 -216329
232300 -216363
232400 -216377
232500 -216374
232600 -216387
232700 -216395
232800 -216439
232900 -216492
233000 -216526
233100 -216571
233200 -216569
233300 -216562
233400 -216568
233500 -216588
233600 -216615
233700 -216649
233800 -216648
233900 -216634
234000 -216646
234100 -216682
234200 -216682
234300 -216727
234400 -216729
234500 -216746
234600 -216728
234700 -216744
234800 -216774
234900 -216836
235000 -216827
235100 -216815
235200 -216851
235300 -216869
235400 -216851
235500 -216876
235600 -216929
235700 -216930
235800 -216979
235900 -216979
236000 -216949
236100 -216959
236200 -217013
236300 -217065
236400 -217113
236500 -217063
236600 -217070
236700 -217092
236800 -217119
236900 -217135
237000 -217154
237100 -217209
237200 -217240
237300 -217261
237400 -217286
237500 -217267
237600 -217248
237700 -217242
237800 -217264
237900 -217255
238000 -217236
238100 -217272
238200 -217299
238300 -217315
238400 -217337
238500 -217358
238600 -217363
238700 -217370
238800 -217367
238900 -217326
239000 -217406
239100 -217428
239200 -217436
239300 -217439
239400 -217488
239500 -217483
239600 -217505
239700 -217520
239800 -217517
239900 -217537
240000 -217557
240100 -217586
240200 -217619
240300 -217686
240400 -217693
240500 -217693
240600 -217726
240700 -217755
240800 -217788
240900 -217810
241000 -217802
241100 -217840
241200 -217874
241300 -217895
241400 -217909
241500 -217898
241600 -217882
241700 -217890
241800 -217934
241900 -217929
242000 -217970
242100 -217961
242200 -217965
242300 -218024
242400 -218002
242500 -218030
242600 -218026
242700 -218058
242800 -218063
242900 -218104
243000 -218087
243100 -218098
243200 -218157
243300 -218217
243400 -218270
243500 -218268
243600 -218281
243700 -218306
243800 -218298
243900 -218334
244000 -218334
244100 -218372
244200 -218390
244300 -218414
244400 -218417
244500 -218414
244600 -218484
244700 -218529
244800 -218573
244900 -218591
245000 -218611
245100 -218637
245200 -218642
245300 -218708
245400 -218746
245500 -218731
245600 -218733
245700 -218723
245800 -218783
245900 -218805
246000 -218879
246100 -218908
246200 -218930
246300 -218949
246400 -218957
246500 -218956
246600 -219000
246700 -219006
246800 -219039
246900 -219054
247000 -219064
247100 -219132
247200 -219164
247300 -219205
247400 -219226
247500 -219209
247600 -219210
247700 -219257
247800 -219262
247900 -219275
248000 -219257
248100 -219246
248200 -219257
248300 -219299
248400 -219324
248500 -219346
248600 -219408
248700 -219416
248800 -219462
248900 -219515
249000 -219530
249100 -219523
249200 -219535
249300 -219584
249400 -219630
249500 -219691
249600 -219712
249700 -219704
249800 -219716
249900 -219702
250000 -219715
250100 -219722
250200 -219747
250300 -219749
250400 -219796
250500 -219813
250600 -219841
250700 -219869
250800 -219880
250900 -219910
251000 -219869
251100 -219884
251200 -219893
251300 -219947
251400 -219999
251500 -220023
251600 -219991
251700 -219922
251800 -219959
251900 -219985
252000 -220016
252100 -220015
252200 -220010
252300 -220007
252400 -220045
252500 -220066
252600 -220052
252700 -220086
252800 -220132
252900 -220129
253000 -220130
253100 -220187
253200 -220244
253300 -220230
253400 -220244
253500 -220248
253600 -220283
253700 -220300
253800 -220290
253900 -220258
254000 -220228
254100 -220275
254200 -220306
254300 -220266
254400 -220297
254500 -220285
254600 -220348
254700 -220396
254800 -220414
254900 -220389
255000 -220379
255100 -220379
255200 -220451
255300 -220474
255400 -220508
255500 -220527
255600 -220571
255700 -220618
255800 -220650
255900 -220680
256000 -220721
256100 -220724
256200 -220736
256300 -220770
256400 -220809
256500 -220814
256600 -220819
256700 -220833
256800 -220873
256900 -220894
257000 -220905
257100 -220934
257200 -220945
257300 -220960
257400 -220960
257500 -220994
257600 -220999
257700 -221039
257800 -221078
257900 -221088
258000 -221098
258100 -221090
258200 -221124
258300 -221130
258400 -221153
258500 -221210
258600 -221225
258700 -221192
258800 -221201
258900 -221239
259000 -221272
259100 -221307
259200 -221360
259300 -221411
259400 -221435
259500 -221465
259600 -221481
259700 -221489
259800 -221501
259900 -221545
260000 -221540
260100 -221519
260200 -221535
260300 -221511
260400 -221548
260500 -221574
260600 -221639
260700 -221693
260800 -221683
260900 -221728
261000 -221740
261100 -221750
261200 -221745
261300 -221753
261400 -221780
261500 -221782
261600 -221785
261700 -221767
261800 -221789
261900 -221795
262000 -221835
262100 -221834
262200 -221843
262300 -221860
262400 -221909
262500 -221951
262600 -221949
262700 -221954
262800 -221962
262900 -221975
263000 -222002
263100 -222012
263200 -222079
263300 -222074
263400 -222099
263500 -222159
263600 -222147
263700 -222128
263800 -222135
263900 -222139
264000 -222169
264100 -222197
264200 -222232
264300 -222255
264400 -222292
264500 -222286
264600 -222300
264700 -222343
264800 -222371
264900 -222431
265000 -222433
265100 -222487
265200 -222440
265300 -222455
265400 -222478
265500 -222492
265600 -222504
265700 -222475
265800 -222506
265900 -222570
266000 -222635
266100 -222640
266200 -222654
266300 -222671
266400 -222674
266500 -222665
266600 -222696
266700 -222744
266800 -222744
266900 -222795
267000 -222849
267100 -222862
267200 -222865
267300 -222886
267400 -222897
267500 -222909
267600 -222927
267700 -222952
267800 -223005
267900 -223063
268000 -223104
268100 -223090
268200 -223073
268300 -223082
268400 -223057
268500 -223070
268600 -223081
268700 -223096
268800 -223120
268900 -223138
269000 -223149
269100 -223205
269200 -223197
269300 -223214
269400 -223246
269500 -223245
269600 -223213
269700 -223210
269800 -223244
269900 -223268
270000 -223295
270100 -223302
270200 -223312
270300 -223317
270400 -223318
270500 -223329
270600 -223362
270700 -223350
270800 -223343
270900 -223328
271000 -223339
271100 -223386
271200 -223356
271300 -223379
271400 -223382
271500 -223384
271600 -223393
271700 -223426
271800 -223488
271900 -223472
272000 -223526
272100 -223516
272200 -223549
272300 -223586
272400 -223584
272500 -223611
272600 -223641
272700 -223637
272800 -223663
272900 -223665
273000 -223703
273100 -223766
273200 -223749
273300 -223780
273400 -223734
273500 -223783
273600 -223802
273700 -223850
273800 -223853
273900 -223887
274000 -223863
274100 -223883
274200 -223925
274300 -223924
274400 -223931
274500 -223962
274600 -224009
274700 -224039
274800 -224035
274900 -224043
275000 -224081
275100 -224107
275200 -224158
275300 -224177
275400 -224183
275500 -224232
275600 -224214
275700 -224239
275800 -224268
275900 -224255
276000 -224253
276100 -224284
276200 -224307
276300 -224341
276400 -224360
276500 -224331
276600 -224367
276700 -224370
276800 -224406
276900 -224414
277000 -224439
277100 -224426
277200 -224451
277300 -224500
277400 -224513
277500 -224542
277600 -224574
277700 -224580
277800 -224597
277900 -224620
278000 -224646
278100 -224592
278200 -224641
278300 -224673
278400 -224689
278500 -224691
278600 -224706
278700 -224726
278800 -224770
278900 -224809
279000 -224850
279100 -224909
279200 -224926
279300 -224935
279400 -224947
279500 -224956
279600 -224982
279700 -224983
279800 -224998
279900 -224994
280000 -225006
280100 -225019
280200 -225042
280300 -225097
280400 -225083
280500 -225118
280600 -225143
280700 -225134
280800 -225138
280900 -225145
281000 -225188
281100 -225210
281200 -225236
281300 -225239
281400 -225268
281500 -225305
281600 -225338
281700 -225346
281800 -225343
281900 -225351
282000 -225323
282100 -225320
282200 -225342
282300 -225371
282400 -225407
282500 -225426
282600 -225430
282700 -225418
282800 -225464
282900 -225472
283000 -225495
283100 -225489
283200 -225494
283300 -225491
283400 -225503
283500 -225493
283600 -225499
283700 -225496
283800 -225507
283900 -225556
284000 -225554
284100 -225623
284200 -225630
284300 -225648
284400 -225683
284500 -225693
284600 -225698
284700 -225749
284800 -225771
284900 -225789
285000 -225796
285100 -225842
285200 -225803
285300 -225855
285400 -225876
285500 -225916
285600 -225912
285700 -225955
285800 -225965
285900 -225972
286000 -225991
286100 -226047
286200 -226044
286300 -226089
286400 -226079
286500 -226091
286600 -226100
286700 -226149
286800 -226188
286900 -226185
287000 -226214
287100 -226264
287200 -226296
287300 -226314
287400 -226342
287500 -226376
287600 -226409
287700 -226433
287800 -226425
287900 -226472
288000 -226480
288100 -226503
288200 -226485
288300 -226415
288400 -226440
288500 -226441
288600 -226440
288700 -226432
288800 -226391
288900 -226414
289000 -226437
289100 -226467
289200 -226422
289300 -226422
289400 -226412
289500 -226413
289600 -226421
289700 -226404
289800 -226422
289900 -226413
290000 -226394
290100 -226374
290200 -226382
290300 -226404
290400 -226380
290500 -226412
290600 -226419
290700 -226389
290800 -226426
290900 -226399
291000 -226423
291100 -226426
291200 -226411
291300 -226438
291400 -226454
291500 -226440
291600 -226465
291700 -226508
291800 -226522
291900 -226524
292000 -226554
292100 -226566
292200 -226583
292300 -226608
292400 -226614
292500 -226647
292600 -226668
292700 -226706
292800 -226770
292900 -226783
293000 -226772
293100 -226765
293200 -226753
293300 -226753
293400 -226761
293500 -226786
293600 -226776
293700 -226792
293800 -226800
293900 -226814
294000 -226831
294100 -226849
294200 -226837
294300 -226859
294400 -226904
294500 -226905
294600 -226940
294700 -226940
294800 -226974
294900 -226991
295000 -227030
295100 -227077
295200 -227077
295300 -227076
295400 -227085
295500 -227057
295600 -227084
295700 -227118
295800 -227078
295900 -227115
296000 -227096
296100 -227072
296200 -227102
296300 -227091
296400 -227116
296500 -227118
296600 -227130
296700 -227162
296800 -227176
296900 -227220
297000 -227224
297100 -227212
297200 -227197
297300 -227217
297400 -227200
297500 -227227
297600 -227270
297700 -227283
297800 -227325
297900 -227311
298000 -227318
298100 -227343
298200 -227384
298300 -227433
298400 -227458
298500 -227487
298600 -227487
298700 -227537
298800 -227547
298900 -227616
299000 -227670
299100 -227674
299200 -227627
299300 -227621
299400 -227637
299500 -227670
299600 -227656
299700 -227692
299800 -227704
299900 -227767
300000 -227761
300100 -227773
300200 -227767
300300 -227739
300400 -227728
300500 -227717
300600 -227746
300700 -227733
300800 -227765
300900 -227845
301000 -227854
301100 -227880
301200 -227920
301300 -227960
301400 -227961
301500 -227967
301600 -227998
301700 -228037
301800 -228067
301900 -228075
302000 -228048
302100 -228016
302200 -227993
302300 -228060
302400 -228123
302500 -228123
302600 -228139
302700 -228138
302800 -228128
302900 -228149
303000 -228155
303100 -228160
303200 -228194
303300 -228236
303400 -228265
303500 -228257
303600 -228286
303700 -228282
303800 -228317
303900 -228344
304000 -228335
304100 -228402
304200 -228404
304300 -228436
304400 -228496
304500 -228534
304600 -228516
304700 -228549
304800 -228550
304900 -228556
305000 -228551
305100 -228569
305200 -228584
305300 -228588
305400 -228630
305500 -228668
305600 -228699
305700 -228694
305800 -228704
305900 -228738
306000 -228760
306100 -228782
306200 -228810
306300 -228784
306400 -228769
306500 -228794
306600 -228806
306700 -228816
306800 -228849
306900 -228879
307000 -228886
307100 -228898
307200 -228869
307300 -228873
307400 -228924
307500 -228959
307600 -228962
307700 -228951
307800 -228964
307900 -228961
308000 -228948
308100 -228944
308200 -228992
308300 -229020
308400 -229033
308500 -229049
308600 -229089
308700 -229114
308800 -229138
308900 -229089
309000 -229109
309100 -229135
309200 -229140
309300 -229132
309400 -229115
309500 -229133
309600 -229136
309700 -229201
309800 -229224
309900 -229225
310000 -229248
310100 -229230
310200 -229266
310300 -229254
310400 -229218
310500 -229270
310600 -229296
310700 -229249
310800 -229263
310900 -229249
311000 -229289
311100 -229295
311200 -229312
311300 -229364
311400 -229388
311500 -229387
311600 -229409
311700 -229422
311800 -229389
311900 -229399
312000 -229385
312100 -229404
312200 -229415
312300 -229441
312400 -229464
312500 -229501
312600 -229474
312700 -229465
312800 -229514
312900 -229554
313000 -229568
313100 -229568
313200 -229597
313300 -229594
313400 -229656
313500 -229664
313600 -229696
313700 -229687
313800 -229686
313900 -229705
314000 -229739
314100 -229752
314200 -229757
314300 -229753
314400 -229750
314500 -229751
314600 -229777
314700 -229751
314800 -229787
314900 -229760
315000 -229758
315100 -229790
315200 -229863
315300 -229864
315400 -229861
315500 -229866
315600 -229907
315700 -229943
315800 -229982
315900 -230009
316000 -230025
316100 -230025
316200 -230011
316300 -230004
316400 -230007
316500 -230012
316600 -230023
316700 -230087
316800 -230119
316900 -230099
317000 -230127
317100 -230121
317200 -230126
317300 -230156
317400 -230192
317500 -230186
317600 -230231
317700 -230212
317800 -230223
317900 -230242
318000 -230257
318100 -230318
318200 -230366
318300 -230376
318400 -230384
318500 -230376
318600 -230367
318700 -230372
318800 -230388
318900 -230379
319000 -230394
319100 -230432
319200 -230429
319300 -230446
319400 -230460
319500 -230518
319600 -230528
319700 -230543
319800 -230535
319900 -230545
320000 -230568
320100 -230600
320200 -230637
320300 -230609
320400 -230587
320500 -230598
320600 -230639
320700 -230655
320800 -230635
320900 -230647
321000 -230600
321100 -230569
321200 -230599
321300 -230657
321400 -230705
321500 -230740
321600 -230789
321700 -230793
321800 -230799
321900 -230815
322000 -230829
322100 -230835
322200 -230869
322300 -230873
322400 -230876
322500 -230904
322600 -230918
322700 -230914
322800 -230931
322900 -230914
323000 -230939
323100 -230940
323200 -230959
323300 -230967
323400 -230949
323500 -230935
323600 -230957
323700 -230929
323800 -230919
323900 -230909
324000 -230916
324100 -230928
324200 -230900
324300 -230937
324400 -230947
324500 -230930
324600 -230928
324700 -230922
324800 -230927
324900 -230912
325000 -230920
325100 -230984
325200 -230993
325300 -231003
325400 -231011
325500 -231034
325600 -231098
325700 -231118
325800 -231117
325900 -231137
326000 -231153
326100 -231187
326200 -231208
326300 -231244
326400 -231256
326500 -231286
326600 -231304
326700 -231305
326800 -231282
326900 -231299
327000 -231321
327100 -231349
327200 -231362
327300 -231360
327400 -231354
327500 -231356
327600 -231372
327700 -231385
327800 -231377
327900 -231391
328000 -231388
328100 -231369
328200 -231406
328300 -231408
328400 -231446
328500 -231469
328600 -231419
328700 -231457
328800 -231476
328900 -231466
329000 -231482
329100 -231539
329200 -231519
329300 -231515
329400 -231505
329500 -231477
329600 -231489
329700 -231477
329800 -231508
329900 -231527
330000 -231524
330100 -231520
330200 -231518
330300 -231546
330400 -231570
330500 -231553
330600 -231556
330700 -231547
330800 -231511
330900 -231514
331000 -231550
331100 -231565
331200 -231577
331300 -231606
331400 -231588
331500 -231585
331600 -231582
331700 -231584
331800 -231615
331900 -231636
332000 -231671
332100 -231662
332200 -231663
332300 -231695
332400 -231696
332500 -231701
332600 -231744
332700 -231760
332800 -231762
332900 -231765
333000 -231775
333100 -231800
333200 -231830
333300 -231869
333400 -231899
333500 -231927
333600 -231907
333700 -231910
333800 -231911
333900 -231962
334000 -231949
334100 -231936
334200 -231926
334300 -231944
334400 -231936
334500 -231932
334600 -231920
334700 -231901
334800 -231910
334900 -231926
335000 -231911
335100 -231916
335200 -231916
335300 -231918
335400 -231898
335500 -231962
335600 -231940
335700 -231950
335800 -231965
335900 -231960
336000 -231944
336100 -232009
336200 -232029
336300 -232023
336400 -232028
336500 -232057
336600 -232072
336700 -232081
336800 -232100
336900 -232130
337000 -232127
337100 -232137
337200 -232148
337300 -232162
337400 -232186
337500 -232213
337600 -232226
337700 -232229
337800 -232250
337900 -232285
338000 -232323
338100 -232364
338200 -232375
338300 -232380
338400 -232402
338500 -232442
338600 -232437
338700 -232460
338800 -232470
338900 -232446
339000 -232464
339100 -232470
339200 -232492
339300 -232482
339400 -232548
339500 -232551
339600 -232594
339700 -232633
339800 -232631
339900 -232597
340000 -232615
340100 -232634
340200 -232655
340300 -232635
340400 -232654
340500 -232687
340600 -232669
340700 -232687
340800 -232699
340900 -232657
341000 -232679
341100 -232695
341200 -232711
341300 -232732
341400 -232769
341500 -232751
341600 -232764
341700 -232800
341800 -232813
341900 -232822
342000 -232810
342100 -232821
342200 -232853
342300 -232891
342400 -232898
342500 -232892
342600 -232954
342700 -232948
342800 -232923
342900 -232916
343000 -232892
343100 -232941
343200 -233003
343300 -233009
343400 -233018
343500 -233031
343600 -233005
343700 -233013
343800 -233016
343900 -233026
344000 -233038
344100 -233009
344200 -232972
344300 -233009
344400 -232985
344500 -233016
344600 -233030
344700 -233044
344800 -233083
344900 -233106
345000 -233126
345100 -233135
345200 -233158
345300 -233141
345400 -233141
345500 -233195
345600 -233247
345700 -233243
345800 -233254
345900 -233272
346000 -233288
346100 -233310
346200 -233369
346300 -233428
346400 -233441
346500 -233455
346600 -233456
346700 -233468
346800 -233483
346900 -233476
347000 -233509
347100 -233517
347200 -233540
347300 -233543
347400 -233541
347500 -233569
347600 -233606
347700 -233648
347800 -233650
347900 -233666
348000 -233652
348100 -233659
348200 -233658
348300 -233678
348400 -233680
348500 -233662
348600 -233648
348700 -233667
348800 -233674
348900 -233684
349000 -233693
349100 -233683
349200 -233719
349300 -233720
349400 -233735
349500 -233750
349600 -233756
349700 -233763
349800 -233754
349900 -233758
350000 -233728
350100 -233718
350200 -233722
350300 -233743
350400 -233764
350500 -233816
350600 -233824
350700 -233862
350800 -233863
350900 -233894
351000 -233855
351100 -233897
351200 -233917
351300 -233912
351400 -233905
351500 -233901
351600 -233914
351700 -233927
351800 -233923
351900 -233926
352000 -233924
352100 -233922
352200 -233959
352300 -233951
352400 -233952
352500 -234016
352600 -234032
352700 -234017
352800 -234027
352900 -233982
353000 -233946
353100 -233946
353200 -233939
353300 -233947
353400 -234001
353500 -233995
353600 -233984
353700 -234001
353800 -233988
353900 -233979
354000 -234037
354100 -234058
354200 -234055
354300 -234044
354400 -234051
354500 -234089
354600 -234114
354700 -234176
354800 -234145
354900 -234154
355000 -234131
355100 -234172
355200 -234133
355300 -234147
355400 -234147
355500 -234141
355600 -234177
355700 -234162
355800 -234148
355900 -234134
356000 -234138
356100 -234125
356200 -234129
356300 -234147
356400 -234153
356500 -234153
356600 -234154
356700 -234184
356800 -234199
356900 -234206
357000 -234228
357100 -234240
357200 -234207
357300 -234199
357400 -234205
357500 -234224
357600 -234224
357700 -234214
357800 -234210
357900 -234261
358000 -234259
358100 -234244
358200 -234269
358300 -234260
358400 -234294
358500 -234277
358600 -234295
358700 -234342
358800 -234350
358900 -234364
359000 -234409
359100 -234411
359200 -234425
359300 -234421
359400 -234436
359500 -234425
359600 -234445
359700 -234438
359800 -234462
359900 -234447
360000 -234428
360100 -234418
360200 -234437
360300 -234451
360400 -234463
360500 -234470
360600 -234499
360700 -234466
360800 -234524
360900 -234528
361000 -234535
361100 -234520
361200 -234517
361300 -234558
361400 -234563
361500 -234582
361600 -234585
361700 -234567
361800 -234578
361900 -234583
362000 -234630
362100 -234631
362200 -234623
362300 -234608
362400 -234593
362500 -234549
362600 -234549
362700 -234585
362800 -234632
362900 -234682
363000 -234726
363100 -234773
363200 -234778
363300 -234787
363400 -234846
363500 -234870
363600 -234887
363700 -234960
363800 -234983
363900 -235001
364000 -235003
364100 -234979
364200 -234985
364300 -235004
364400 -235035
364500 -235102
364600 -235104
364700 -235130
364800 -235176
364900 -235212
365000 -235214
365100 -235210
365200 -235239
365300 -235276
365400 -235294
365500 -235294
365600 -235288
365700 -235318
365800 -235331
365900 -235373
366000 -235390
366100 -235425
366200 -235400
366300 -235412
366400 -235457
366500 -235456
366600 -235462
366700 -235463
366800 -235471
366900 -235475
367000 -235484
367100 -235467
367200 -235469
367300 -235481
367400 -235478
367500 -235519
367600 -235537
367700 -235548
367800 -235528
367900 -235537
368000 -235569
368100 -235568
368200 -235559
368300 -235547
368400 -235556
368500 -235543
368600 -235570
368700 -235599
368800 -235602
368900 -235654
369000 -235667
369100 -235698
369200 -235714
369300 -235773
369400 -235791
369500 -235777
369600 -235799
369700 -235786
369800 -235793
369900 -235798
370000 -235793
370100 -235824
370200 -235840
370300 -235831
370400 -235828
370500 -235827
370600 -235815
370700 -235860
370800 -235898
370900 -235933
371000 -235942
371100 -235942
371200 -235910
371300 -235900
371400 -235889
371500 -235927
371600 -235977
371700 -236019
371800 -236077
371900 -236093
372000 -236085
372100 -236114
372200 -236117
372300 -236097
372400 -236109
372500 -236105
372600 -236089
372700 -236074
372800 -236096
372900 -236094
373000 -236131
373100 -236147
373200 -236160
373300 -236222
373400 -236236
373500 -236232
373600 -236289
373700 -236313
373800 -236378
373900 -236371
374000 -236372
374100 -236394
374200 -236355
374300 -236329
374400 -236325
374500 -236395
374600 -236411
374700 -236427
374800 -236421
374900 -236441
375000 -236442
375100 -236443
375200 -236445
375300 -236409
375400 -236461
375500 -236483
375600 -236509
375700 -236519
375800 -236531
375900 -236523
376000 -236575
376100 -236619
376200 -236603
376300 -236572
376400 -236579
376500 -236586
376600 -236635
376700 -236649
376800 -236625
376900 -236598
377000 -236600
377100 -236614
377200 -236677
377300 -236704
377400 -236706
377500 -236725
377600 -236770
377700 -236781
377800 -236789
377900 -236783
378000 -236806
378100 -236814
378200 -236777
378300 -236759
378400 -236725
378500 -236727
378600 -236738
378700 -236722
378800 -236745
378900 -236750
379000 -236739
379100 -236764
379200 -236780
379300 -236793
379400 -236801
379500 -236812
379600 -236840
379700 -236850
379800 -236877
379900 -236890
380000 -236901
380100 -236893
380200 -236933
380300 -236981
380400 -236997
380500 -236963
380600 -236980
380700 -236997
380800 -237026
380900 -237043
381000 -237084
381100 -237117
381200 -237109
381300 -237121
381400 -237126
381500 -237128
381600 -237132
381700 -237118
381800 -237157
381900 -237141
382000 -237124
382100 -237155
382200 -237168
382300 -237170
382400 -237203
382500 -237221
382600 -237227
382700 -237225
382800 -237219
382900 -237282
383000 -237278
383100 -237289
383200 -237315
383300 -237340
383400 -237379
383500 -237390
383600 -237371
383700 -237367
383800 -237364
383900 -237360
384000 -237374
384100 -237348
384200 -237384
384300 -237362
384400 -237406
384500 -237434
384600 -237434
384700 -237464
384800 -237462
384900 -237491
385000 -237505
385100 -237505
385200 -237512
385300 -237501
385400 -237490
385500 -237502
385600 -237533
385700 -237555
385800 -237555
385900 -237553
386000 -237573
386100 -237615
386200 -237608
386300 -237583
386400 -237581
386500 -237564
386600 -237614
386700 -237621
386800 -237654
386900 -237659
387000 -237690
387100 -237661
387200 -237674
387300 -237659
387400 -237685
387500 -237672
387600 -237688
387700 -237713
387800 -237690
387900 -237738
388000 -237790
388100 -237778
388200 -237795
388300 -237789
388400 -237767
388500 -237795
388600 -237794
388700 -237823
388800 -237790
388900 -237782
389000 -237791
389100 -237788
389200 -237815
389300 -237850
389400 -237872
389500 -237865
389600 -237864
389700 -237876
389800 -237898
389900 -237903
390000 -237878
390100 -237871
390200 -237844
390300 -237865
390400 -237842
390500 -237842
390600 -237821
390700 -237850
390800 -237850
390900 -237864
391000 -237882
391100 -237869
391200 -237905
391300 -237924
391400 -237882
391500 -237911
391600 -237953
391700 -237942
391800 -237971
391900 -237991
392000 -238003
392100 -237975
392200 -237981
392300 -238000
392400 -237987
392500 -238001
392600 -238004
392700 -238049
392800 -238029
392900 -238039
393000 -238031
393100 -238031
393200 -238016
393300 -238030
393400 -238004
393500 -238002
393600 -237990
393700 -237955
393800 -237953
393900 -237941
394000 -237956
394100 -237991
394200 -237996
394300 -238004
394400 -237991
394500 -238000
394600 -238018
394700 -237994
394800 -238021
394900 -238065
395000 -238072
395100 -238107
395200 -238112
395300 -238118
395400 -238156
395500 -238161
395600 -238142
395700 -238145
395800 -238176
395900 -238193
396000 -238209
396100 -238184
396200 -238210
396300 -238250
396400 -238291
396500 -238319
396600 -238285
396700 -238302
396800 -238282
396900 -238277
397000 -238285
397100 -238305
397200 -238304
397300 -238324
397400 -238326
397500 -238329
397600 -238343
397700 -238363
397800 -238372
397900 -238398
398000 -238381
398100 -238403
398200 -238406
398300 -238378
398400 -238401
398500 -238412
398600 -238407
398700 -238413
398800 -238456
398900 -238436
399000 -238457
399100 -238448
399200 -238473
399300 -238465
399400 -238517
399500 -238519
399600 -238512
399700 -238483
399800 -238498
399900 -238518
